25.862	0.61897	0.96645	20.625	-1.2797	-2.0561	0.10488	0.67333	0.1227	-0.13459	-0.15023	-0.072696	-0.21007	-0.10545	-0.082929	0.010303	-0.0073417	-0.0029539	0	0	10.314	-6.7916	0.61897	26.98	2.0785	7.1754	-0.41208	-0.69451	1.2242	0.26998	-0.84407	-1.355	0.96269	1.1129	-1.4113	-0.50427	-1.6127	0.030551	-0.036099	0.055857	0	0	-18.155	21.659	0.96645	2.0785	65.39	-2.0354	0.1033	0.094266	-0.71325	15.773	0.63499	0.022479	-3.768	-1.3451	-3.0227	-1.2112	1.2279	0.18805	-6.173e-05	-0.39466	0	0	-76.867	-3.6447	20.625	7.1754	-2.0354	24.329	-1.6514	-2.3947	0.39958	0.0081843	-0.56393	-0.77067	0.34012	0.72625	-0.41343	-0.20459	-0.60908	0.011012	-0.016289	0.04194	0	0	-1.9112	10.586	-1.2797	-0.41208	0.1033	-1.6514	0.75298	0.19327	-0.19327	-0.21728	-0.37144	0.55424	0.0052616	0.10613	-0.21654	0.046168	0.28277	-0.0077506	0.023369	-0.063112	0	0	-1.8649	-0.74883	-2.0561	-0.69451	0.094266	-2.3947	0.19327	0.8732	0.077426	-0.13971	0.19053	-0.071714	0.058833	-0.028523	0.16398	0.059648	0.18397	-0.0020005	-0.0059903	0.015553	0	0	-6.3394	-1.0841	0.10488	1.2242	-0.71325	0.39958	-0.19327	0.077426	4.3022	0.03893	0.41172	-0.1115	0.13944	2.9995	0.11464	-0.0044962	-0.072225	0.0030372	-0.028836	0.048875	0	0	-0.47534	0.26186	0.67333	0.26998	15.773	0.0081843	-0.21728	-0.13971	0.03893	14.31	-0.011573	-0.23739	-2.2442	-0.27571	-0.94324	0.13255	4.3156	0.12196	-0.010676	-0.007386	0	0	-134.75	-0.15804	0.1227	-0.84407	0.63499	-0.56393	-0.37144	0.19053	0.41172	-0.011573	6.9889	-1.192	-0.20925	-0.65969	0.23385	-0.020199	-0.26741	-0.00067259	-0.035037	0.030229	0	0	10.3	-5.1985	-0.13459	-1.355	0.022479	-0.77067	0.55424	-0.071714	-0.1115	-0.23739	-1.192	6.9747	0.15184	-0.053315	-0.095043	0.037004	0.20226	-0.0067168	0.042079	-0.051516	0	0	4.6206	-3.2961	-0.15023	0.96269	-3.768	0.34012	0.0052616	0.058833	0.13944	-2.2442	-0.20925	0.15184	9.6733	-0.051139	4.5634	-0.071845	-1.5226	-0.011168	-0.0031504	0.096213	0	0	4.4661	1.1166	-0.072696	1.1129	-1.3451	0.72625	0.10613	-0.028523	2.9995	-0.27571	-0.65969	-0.053315	-0.051139	5.5094	-0.36347	0.0034166	-0.028049	-0.0016428	0.025964	0.001267	0	0	-2.6369	4.1829	-0.21007	-1.4113	-3.0227	-0.41343	-0.21654	0.16398	0.11464	-0.94324	0.23385	-0.095043	4.5634	-0.36347	6.2959	0.043094	-0.004966	-0.014167	-0.008277	0.19248	0	0	22.59	-1.3652	-0.10545	-0.50427	-1.2112	-0.20459	0.046168	0.059648	-0.0044962	0.13255	-0.020199	0.037004	-0.071845	0.0034166	0.043094	5.5753	0.05848	-0.0026853	0.0010481	-0.0032255	0	0	-11.071	-0.60534	-0.082929	-1.6127	1.2279	-0.60908	0.28277	0.18397	-0.072225	4.3156	-0.26741	0.20226	-1.5226	-0.028049	-0.004966	0.05848	6.1224	-0.012047	0.0098312	-0.062989	0	0	-6.5578	-1.3754	0.010303	0.030551	0.18805	0.011012	-0.0077506	-0.0020005	0.0030372	0.12196	-0.00067259	-0.0067168	-0.011168	-0.0016428	-0.014167	-0.0026853	-0.012047	0.011875	-0.00033833	0.0016476	0	0	-1.717	0.025194	-0.0073417	-0.036099	-6.173e-05	-0.016289	0.023369	-0.0059903	-0.028836	-0.010676	-0.035037	0.042079	-0.0031504	0.025964	-0.008277	0.0010481	0.0098312	-0.00033833	0.014272	-0.0027906	0	0	0.11836	0.012434	-0.0029539	0.055857	-0.39466	0.04194	-0.063112	0.015553	0.048875	-0.007386	0.030229	-0.051516	0.096213	0.001267	0.19248	-0.0032255	-0.062989	0.0016476	-0.0027906	0.051818	0	0	3.2472	0.038802	0	0	0	0	0	0	0	0	0	0	0	0	0	0	0	0	0	0	0.0001	0	0	0	0	0	0	0	0	0	0	0	0	0	0	0	0	0	0	0	0	0	0	0.0001	0	0	10.314	-18.155	-76.867	-1.9112	-1.8649	-6.3394	-0.47534	-134.75	10.3	4.6206	4.4661	-2.6369	22.59	-11.071	-6.5578	-1.717	0.11836	3.2472	0	0	12411	-128.63	-6.7916	21.659	-3.6447	10.586	-0.74883	-1.0841	0.26186	-0.15804	-5.1985	-3.2961	1.1166	4.1829	-1.3652	-0.60534	-1.3754	0.025194	0.012434	0.038802	0	0	-128.63	813.38
