1.1722936240771047e+00 -2.5637406059928913e-01 0.0000000000000000e+00 0.0000000000000000e+00 0.0000000000000000e+00 0.0000000000000000e+00 2.1426540252057466e-01 -6.7938542037233418e-01 7.0180181523575658e-01 9.7406523570809955e-01 2.0210242242107665e-01 -1.0174245641057188e-01 -7.2713505400444967e-02 7.0540063895423255e-01 7.0506927652205920e-01 -4.5687349713207587e-01 4.4321732946772343e+00 4.4300912782434017e+00 0.0000000000000000e+00 6.2831999999999999e+00 2.1172586177930330e-02 -1.9192325778030186e-04
1.1510879434608650e+00 -3.2403170588545360e-01 1.0000000000000001e-01 0.0000000000000000e+00 0.0000000000000000e+00 0.0000000000000000e+00 3.0534750737846594e-01 -7.1049902577716639e-01 6.3399844960966212e-01 9.5215192488880440e-01 2.3691462351118320e-01 -1.9307556317954666e-01 -1.3023504455501317e-02 6.6261798612492540e-01 7.4884430477599651e-01 -8.1829283194805869e-02 4.1633613304201313e+00 4.7051385357685414e+00 0.0000000000000000e+00 6.2831999999999999e+00 1.5282467370513357e-02 5.7605129350096179e-02
1.0726085372452538e+00 -4.9951068640079871e-01 2.0000000000000001e-01 0.0000000000000000e+00 0.0000000000000000e+00 0.0000000000000000e+00 4.3230079795142412e-01 -7.5793256829287303e-01 4.8852250921685425e-01 8.9990933761583969e-01 3.2822468017907430e-01 -2.8710928823910448e-01 5.7264335867822369e-02 5.6374354208479749e-01 8.2396238663867627e-01 3.5980327512470150e-01 3.5421134236271996e+00 5.1771204677281304e+00 0.0000000000000000e+00 6.2831999999999999e+00 9.1462420969345912e-03 1.0620771750081975e-01
