1.052162812025321248e-01 2.260299763536906870e+00 0.000000000000000000e+00 -7.100941132038292025e+00 3.305466960639127372e-01 0.000000000000000000e+00 -9.894326017588626065e-01 -5.314856757372120322e-02 1.349012836912586166e-01 1.431089684196779066e-01 -2.084508131761203253e-01 9.675061145254172379e-01 -2.330128182189722397e-02 9.765876756600381237e-01 2.138540670980581260e-01 -7.320313579089771094e-02 3.068040667439907221e+00 6.718423661355581444e-01 1.179999999999999938e+00 -0.000000000000000000e+00 0.000000000000000000e+00 3.141592653589792672e+00
-5.984044094565679206e-01 2.182186437868685935e+00 0.000000000000000000e+00 -6.855540881971542433e+00 -1.879942896624491988e+00 0.000000000000000000e+00 -9.852294266267820344e-01 1.386755223995753128e-02 -1.706770866388754582e-01 -1.696467717762960292e-01 -2.146723148051379038e-01 9.618397839983980901e-01 -2.330128182189721703e-02 9.765876756600381237e-01 2.138540670980580427e-01 -7.320313579089771094e-02 3.068040667439907221e+00 6.718423661355581444e-01 1.179999999999999938e+00 -0.000000000000000000e+00 3.141592653589793116e-01 3.141592653589792672e+00
-1.243449107189376068e+00 1.890465499474938804e+00 0.000000000000000000e+00 -5.939072525015425263e+00 -3.906410580258930398e+00 0.000000000000000000e+00 -8.845851307194151358e-01 7.952621941947135564e-02 -4.595483945516085078e-01 -4.657963039522440285e-01 -1.998801945510617628e-01 8.620218738817814197e-01 -2.330128182189719274e-02 9.765876756600377906e-01 2.138540670980580705e-01 -7.320313579089771094e-02 3.068040667439907221e+00 6.718423661355581444e-01 1.179999999999999938e+00 -0.000000000000000000e+00 6.283185307179586232e-01 3.141592653589792672e+00
-1.766776342691126489e+00 1.413692626344940306e+00 0.000000000000000000e+00 -4.441246369359324042e+00 -5.550491578734684239e+00 0.000000000000000000e+00 -6.973514789502183175e-01 1.374003061504551759e-01 -7.034359037436916928e-01 -7.163504485036633618e-01 -1.655224082071227454e-01 6.778232566900569411e-01 -2.330128182189725172e-02 9.765876756600380126e-01 2.138540670980580427e-01 -7.320313579089771094e-02 3.068040667439907221e+00 6.718423661355581444e-01 1.179999999999999938e+00 -0.000000000000000000e+00 9.424777960769379348e-01 3.141592653589792672e+00
-2.117159199915654266e+00 7.985376691725908360e-01 0.000000000000000000e+00 -2.508680075087327488e+00 -6.651251788935063303e+00 0.000000000000000000e+00 -4.418562056879201116e-01 1.818246935912078699e-01 -8.784662055512084677e-01 -8.967832200484859850e-01 -1.149621352854393735e-01 4.272745764611807218e-01 -2.330128182189731070e-02 9.765876756600382347e-01 2.138540670980582648e-01 -7.320313579089771094e-02 3.068040667439907221e+00 6.718423661355581444e-01 1.179999999999999938e+00 -0.000000000000000000e+00 1.256637061435917246e+00 3.141592653589792672e+00
-2.260299763536906870e+00 1.052162812025324856e-01 0.000000000000000000e+00 -3.305466960639138474e-01 -7.100941132038292025e+00 0.000000000000000000e+00 -1.431089684196781009e-01 2.084508131761202698e-01 -9.675061145254172379e-01 -9.894326017588626065e-01 -5.314856757372124485e-02 1.349012836912588109e-01 -2.330128182189723091e-02 9.765876756600381237e-01 2.138540670980580982e-01 -7.320313579089771094e-02 3.068040667439907221e+00 6.718423661355581444e-01 1.179999999999999938e+00 -0.000000000000000000e+00 1.570796326794896558e+00 3.141592653589792672e+00
-2.182186437868685935e+00 -5.984044094565679206e-01 0.000000000000000000e+00 1.879942896624491988e+00 -6.855540881971542433e+00 0.000000000000000000e+00 1.696467717762960570e-01 2.146723148051380425e-01 -9.618397839983980901e-01 -9.852294266267821454e-01 1.386755223995762669e-02 -1.706770866388754859e-01 -2.330128182189715111e-02 9.765876756600381237e-01 2.138540670980581815e-01 -7.320313579089771094e-02 3.068040667439907221e+00 6.718423661355581444e-01 1.179999999999999938e+00 -0.000000000000000000e+00 1.884955592153875870e+00 3.141592653589792672e+00
-1.890465499474938804e+00 -1.243449107189376068e+00 0.000000000000000000e+00 3.906410580258930398e+00 -5.939072525015425263e+00 0.000000000000000000e+00 4.657963039522439730e-01 1.998801945510618183e-01 -8.620218738817817528e-01 -8.845851307194153579e-01 7.952621941947138340e-02 -4.595483945516084523e-01 -2.330128182189716499e-02 9.765876756600381237e-01 2.138540670980581537e-01 -7.320313579089771094e-02 3.068040667439907221e+00 6.718423661355581444e-01 1.179999999999999938e+00 -0.000000000000000000e+00 2.199114857512855181e+00 3.141592653589792672e+00
-1.413692626344940084e+00 -1.766776342691126489e+00 0.000000000000000000e+00 5.550491578734685127e+00 -4.441246369359323154e+00 0.000000000000000000e+00 7.163504485036633618e-01 1.655224082071228009e-01 -6.778232566900569411e-01 -6.973514789502183175e-01 1.374003061504552592e-01 -7.034359037436916928e-01 -2.330128182189724478e-02 9.765876756600380126e-01 2.138540670980581260e-01 -7.320313579089771094e-02 3.068040667439907221e+00 6.718423661355581444e-01 1.179999999999999938e+00 -0.000000000000000000e+00 2.513274122871834493e+00 3.141592653589792672e+00
-7.985376691725911691e-01 -2.117159199915654266e+00 0.000000000000000000e+00 6.651251788935063303e+00 -2.508680075087328376e+00 0.000000000000000000e+00 8.967832200484858740e-01 1.149621352854392486e-01 -4.272745764611808883e-01 -4.418562056879202227e-01 1.818246935912078144e-01 -8.784662055512084677e-01 -2.330128182189719968e-02 9.765876756600382347e-01 2.138540670980581815e-01 -7.320313579089771094e-02 3.068040667439907221e+00 6.718423661355581444e-01 1.179999999999999938e+00 -0.000000000000000000e+00 2.827433388230813804e+00 3.141592653589792672e+00
-1.052162812025324024e-01 -2.260299763536906870e+00 0.000000000000000000e+00 7.100941132038292025e+00 -3.305466960639136254e-01 0.000000000000000000e+00 9.894326017588626065e-01 5.314856757372121016e-02 -1.349012836912587276e-01 -1.431089684196780176e-01 2.084508131761202976e-01 -9.675061145254172379e-01 -2.330128182189721009e-02 9.765876756600381237e-01 2.138540670980581260e-01 -7.320313579089771094e-02 3.068040667439907221e+00 6.718423661355581444e-01 1.179999999999999938e+00 -0.000000000000000000e+00 3.141592653589793116e+00 3.141592653589792672e+00
5.984044094565676986e-01 -2.182186437868685935e+00 0.000000000000000000e+00 6.855540881971542433e+00 1.879942896624491322e+00 0.000000000000000000e+00 9.852294266267820344e-01 -1.386755223995749832e-02 1.706770866388753194e-01 1.696467717762958904e-01 2.146723148051379038e-01 -9.618397839983980901e-01 -2.330128182189722050e-02 9.765876756600380126e-01 2.138540670980580427e-01 -7.320313579089771094e-02 3.068040667439907221e+00 6.718423661355581444e-01 1.179999999999999938e+00 -0.000000000000000000e+00 3.455751918948772428e+00 3.141592653589792672e+00
1.243449107189376068e+00 -1.890465499474939248e+00 0.000000000000000000e+00 5.939072525015427040e+00 3.906410580258930398e+00 0.000000000000000000e+00 8.845851307194154689e-01 -7.952621941947127238e-02 4.595483945516084523e-01 4.657963039522439175e-01 1.998801945510618183e-01 -8.620218738817817528e-01 -2.330128182189724825e-02 9.765876756600381237e-01 2.138540670980580982e-01 -7.320313579089771094e-02 3.068040667439907221e+00 6.718423661355581444e-01 1.179999999999999938e+00 -0.000000000000000000e+00 3.769911184307751739e+00 3.141592653589792672e+00
1.766776342691126267e+00 -1.413692626344940306e+00 0.000000000000000000e+00 4.441246369359324042e+00 5.550491578734684239e+00 0.000000000000000000e+00 6.973514789502183175e-01 -1.374003061504552314e-01 7.034359037436914708e-01 7.163504485036631397e-01 1.655224082071227176e-01 -6.778232566900570522e-01 -2.330128182189715458e-02 9.765876756600379016e-01 2.138540670980580705e-01 -7.320313579089771094e-02 3.068040667439907221e+00 6.718423661355581444e-01 1.179999999999999938e+00 -0.000000000000000000e+00 4.084070449666731051e+00 3.141592653589792672e+00
2.117159199915653822e+00 -7.985376691725910581e-01 0.000000000000000000e+00 2.508680075087328376e+00 6.651251788935061526e+00 0.000000000000000000e+00 4.418562056879202782e-01 -1.818246935912078421e-01 8.784662055512082457e-01 8.967832200484856520e-01 1.149621352854393874e-01 -4.272745764611808883e-01 -2.330128182189727948e-02 9.765876756600380126e-01 2.138540670980582648e-01 -7.320313579089771094e-02 3.068040667439907221e+00 6.718423661355581444e-01 1.179999999999999938e+00 -0.000000000000000000e+00 4.398229715025710362e+00 3.141592653589792672e+00
2.260299763536906870e+00 -1.052162812025324856e-01 0.000000000000000000e+00 3.305466960639138474e-01 7.100941132038292025e+00 0.000000000000000000e+00 1.431089684196781009e-01 -2.084508131761202698e-01 9.675061145254172379e-01 9.894326017588626065e-01 5.314856757372124485e-02 -1.349012836912588109e-01 -2.330128182189723091e-02 9.765876756600381237e-01 2.138540670980580982e-01 -7.320313579089771094e-02 3.068040667439907221e+00 6.718423661355581444e-01 1.179999999999999938e+00 -0.000000000000000000e+00 4.712388980384689674e+00 3.141592653589792672e+00
2.182186437868685935e+00 5.984044094565673655e-01 0.000000000000000000e+00 -1.879942896624489990e+00 6.855540881971542433e+00 0.000000000000000000e+00 -1.696467717762956684e-01 -2.146723148051380980e-01 9.618397839983980901e-01 9.852294266267821454e-01 -1.386755223995753475e-02 1.706770866388750973e-01 -2.330128182189716846e-02 9.765876756600380126e-01 2.138540670980582092e-01 -7.320313579089771094e-02 3.068040667439907221e+00 6.718423661355581444e-01 1.179999999999999938e+00 -0.000000000000000000e+00 5.026548245743668986e+00 3.141592653589792672e+00
1.890465499474939026e+00 1.243449107189375846e+00 0.000000000000000000e+00 -3.906410580258929954e+00 5.939072525015426152e+00 0.000000000000000000e+00 -4.657963039522439175e-01 -1.998801945510619016e-01 8.620218738817817528e-01 8.845851307194154689e-01 -7.952621941947134176e-02 4.595483945516084523e-01 -2.330128182189722397e-02 9.765876756600381237e-01 2.138540670980581815e-01 -7.320313579089771094e-02 3.068040667439907221e+00 6.718423661355581444e-01 1.179999999999999938e+00 -0.000000000000000000e+00 5.340707511102648297e+00 3.141592653589792672e+00
1.413692626344940306e+00 1.766776342691126489e+00 0.000000000000000000e+00 -5.550491578734684239e+00 4.441246369359324042e+00 0.000000000000000000e+00 -7.163504485036632508e-01 -1.655224082071228286e-01 6.778232566900570522e-01 6.973514789502184286e-01 -1.374003061504552592e-01 7.034359037436915818e-01 -2.330128182189722744e-02 9.765876756600381237e-01 2.138540670980581260e-01 -7.320313579089771094e-02 3.068040667439907221e+00 6.718423661355581444e-01 1.179999999999999938e+00 -0.000000000000000000e+00 5.654866776461627609e+00 3.141592653589792672e+00
7.985376691725911691e-01 2.117159199915653822e+00 0.000000000000000000e+00 -6.651251788935061526e+00 2.508680075087328820e+00 0.000000000000000000e+00 -8.967832200484855409e-01 -1.149621352854392486e-01 4.272745764611808883e-01 4.418562056879202227e-01 -1.818246935912077589e-01 8.784662055512081347e-01 -2.330128182189718233e-02 9.765876756600379016e-01 2.138540670980581260e-01 -7.320313579089771094e-02 3.068040667439907221e+00 6.718423661355581444e-01 1.179999999999999938e+00 -0.000000000000000000e+00 5.969026041820606920e+00 3.141592653589792672e+00
1.052162812025326799e-01 2.260299763536906870e+00 0.000000000000000000e+00 -7.100941132038292025e+00 3.305466960639144580e-01 0.000000000000000000e+00 -9.894326017588626065e-01 -5.314856757372125873e-02 1.349012836912588664e-01 1.431089684196781564e-01 -2.084508131761202976e-01 9.675061145254172379e-01 -2.330128182189722744e-02 9.765876756600381237e-01 2.138540670980581260e-01 -7.320313579089771094e-02 3.068040667439907221e+00 6.718423661355581444e-01 1.179999999999999938e+00 -0.000000000000000000e+00 6.283185307179586232e+00 3.141592653589792672e+00
