W0=0
Ncvp=10
Tc=1
r=1.2
