0.0000000000000000e+00 1.1925033635504161e+00 -6.1554888684362014e-02 -1.1894000000000000e-01 0.0000000000000000e+00 0.0000000000000000e+00 0.0000000000000000e+00 3.2273996893221829e-02 3.9065101145600842e-02 9.9871532830783172e-01 9.9945661223419013e-01 -7.9582473870912687e-03 -3.1986662218516905e-02 6.6984614570772694e-03 9.9920497605396752e-01 -3.9300718099014677e-02 4.2087773027107901e-02 6.2782047055422883e+00 -2.4693427195972900e-01 0.0000000000000000e+00 6.2831999999999999e+00 4.0122080304227540e-04 -4.4210593619317097e-02 
0.0000000000000000e+00 1.1925033635504161e+00 -6.1554888684362014e-02 -1.1894000000000000e-01 0.0000000000000000e+00 0.0000000000000000e+00 0.0000000000000000e+00 3.2273996893221829e-02 3.9065101145600842e-02 9.9871532830783172e-01 9.9945661223419013e-01 -7.9582473870912687e-03 -3.1986662218516905e-02 6.6984614570772694e-03 9.9920497605396752e-01 -3.9300718099014677e-02 4.2087773027107901e-02 6.2782047055422883e+00 -2.4693427195972900e-01 0.0000000000000000e+00 6.2831999999999999e+00 4.0122080304227540e-04 -4.4210593619317097e-02 
7.9955641440972094e-04 1.1925033635503546e+00 -6.1554888684573643e-02 -1.1894000000050717e-01 -2.3917471936569164e-10 -8.0340398655179125e-10 -1.9822027803705290e-09 3.2273996985307855e-02 3.9065100348295599e-02 9.9871532833604282e-01 9.9945661223110305e-01 -7.9582473821044851e-03 -3.1986662316216351e-02 6.6984614740078930e-03 9.9920497608517889e-01 -3.9300717302593983e-02 4.2084823047244729e-02 6.2782043626993005e+00 -2.4693419470312969e-01 5.0237728630191589e-03 6.2831999999999999e+00 4.0301721996263847e-04 -4.4209520021767708e-02 
1.5991128288194419e-03 1.1925033635499105e+00 -6.1554888686069703e-02 -1.1894000000418543e-01 -9.5316451917287969e-10 -3.2070771831152527e-09 -7.8967596491121885e-09 3.2273997628239855e-02 3.9065094907758967e-02 9.9871532852807465e-01 9.9945661220965232e-01 -7.9582473360030447e-03 -3.1986662997938113e-02 6.6984615768869889e-03 9.9920497629825022e-01 -3.9300711867804428e-02 4.2076200179791780e-02 6.2782033391326726e+00 -2.4693396902445403e-01 1.0047545726038318e-02 6.2831999999999999e+00 4.0481363688300154e-04 -4.4208446424218326e-02 
2.3986692432291629e-03 1.1925033635487057e+00 -6.1554888690125389e-02 -1.1894000001416664e-01 -2.1325769454152910e-09 -7.1946281682887291e-09 -1.7657984013614486e-08 3.2273999367123878e-02 3.9065080429435871e-02 9.9871532903820615e-01 9.9945661215184300e-01 -7.9582471880276524e-03 -3.1986664841064667e-02 6.6984618242728168e-03 9.9920497686547571e-01 -3.9300697404153068e-02 4.2062231985698674e-02 6.2782016424346709e+00 -2.4693360371083944e-01 1.5071318589057475e-02 6.2831999999999999e+00 4.0661005380336455e-04 -4.4207372826668936e-02 
3.1982256576388837e-03 1.1925033635463766e+00 -6.1554888697993852e-02 -1.1894000003344482e-01 -3.7625649160549890e-09 -1.2740887816050016e-08 -3.1130043422246254e-08 3.2274002740526164e-02 3.9065052756606294e-02 9.9871533001162427e-01 9.9945661204006664e-01 -7.9582468586887958e-03 -3.1986668415574938e-02 6.6984622486268748e-03 9.9920497794999963e-01 -3.9300669758211303e-02 4.2043228629574748e-02 6.2781992803959197e+00 -2.4693310708336180e-01 2.0095091452076635e-02 6.2831999999999999e+00 4.0840647072372762e-04 -4.4206299229119547e-02 
4.1905841271724625e-03 1.1925033635414020e+00 -6.1554888714904131e-02 -1.1894000007456940e-01 -6.3813325632529756e-09 -2.1740657926057841e-08 -5.2728407138068648e-08 3.2274009999347722e-02 3.9064994190082518e-02 9.9871533206789731e-01 9.9945661180043766e-01 -7.9582460487030542e-03 -3.1986676104551727e-02 6.6984630290241806e-03 9.9920498024617388e-01 -3.9300611245776766e-02 4.2013078654459753e-02 6.2781954354600984e+00 -2.4693231983925940e-01 2.6330278187850019e-02 6.2831999999999999e+00 4.1063606892794162e-04 -4.4204966748256656e-02 
5.1829425967060416e-03 1.1925033635335178e+00 -6.1554888741881399e-02 -1.1894000013965443e-01 -9.6114615691618737e-09 -3.3005368736292159e-08 -7.9284163646576399e-08 3.2274021598267047e-02 3.9064902327659703e-02 9.9871533528628909e-01 9.9945661141909670e-01 -7.9582445762926141e-03 -3.1986688386276496e-02 6.6984640427071767e-03 9.9920498384935719e-01 -3.9300519463160308e-02 4.1976142286490499e-02 6.2781905936334264e+00 -2.4693135634325783e-01 3.2565464923623402e-02 6.2831999999999999e+00 4.1286566713215567e-04 -4.4203634267393759e-02 
6.1753010662396199e-03 1.1925033635221427e+00 -6.1554888781128574e-02 -1.1894000023339117e-01 -1.3390522325570545e-08 -4.6431089440873852e-08 -1.1022517516801772e-07 3.2274038524078438e-02 3.9064770703972726e-02 9.9871533988779393e-01 9.9945661086484994e-01 -7.9582421730034960e-03 -3.1986706302209254e-02 6.6984651894494455e-03 9.9920498901444710e-01 -3.9300387946480525e-02 4.1932904158858191e-02 6.2781847710457397e+00 -2.4693022959674168e-01 3.8800651659396779e-02 6.2831999999999999e+00 4.1509526533636967e-04 -4.4202301786530868e-02 
7.1676595357731982e-03 1.1925033635067750e+00 -6.1554888834718768e-02 -1.1894000035973459e-01 -1.7645933128711282e-08 -6.1893263405611982e-08 -1.4488819231415873e-07 3.2274061746536339e-02 3.9064593277799854e-02 9.9871534607735912e-01 9.9945661010736209e-01 -7.9582385373504986e-03 -3.1986730875210853e-02 6.6984663230697543e-03 9.9920499598001467e-01 -3.9300210654600806e-02 4.1883817946412993e-02 6.2781779842382415e+00 -2.4692895175829818e-01 4.5035838395170162e-02 6.2831999999999999e+00 4.1732486354058366e-04 -4.4200969305667977e-02 
8.2029963914048883e-03 1.1925033634860289e+00 -6.1554888908013083e-02 -1.1894000052980508e-01 -2.2503624763827693e-08 -8.0038760982551849e-08 -1.8420103448396558e-07 3.2274093716297733e-02 3.9064353288771322e-02 9.9871535443134141e-01 9.9945660906857769e-01 -7.9582330677061587e-03 -3.1986764693860754e-02 6.6984672822957775e-03 9.9920500540608204e-01 -3.9299970833295610e-02 4.1826828261996928e-02 6.2781698940661226e+00 -2.4692746973347574e-01 5.1541066926475199e-02 6.2831999999999999e+00 4.1965102416191433e-04 -4.4199579115944070e-02 
9.2383332470365783e-03 1.1925033634600748e+00 -6.1554889001085078e-02 -1.1894000074185523e-01 -2.7682697675187508e-08 -1.0005483755221841e-07 -2.2576799612085167e-07 3.2274134639212665e-02 3.9064051516867898e-02 9.9871536491253410e-01 9.9945660774405209e-01 -7.9582254684643031e-03 -3.1986807970554268e-02 6.6984677383717375e-03 9.9920501726446476e-01 -3.9299669254046106e-02 4.1764371788308788e-02 6.2781607925251670e+00 -2.4692584729704894e-01 5.8046295457780228e-02 6.2831999999999999e+00 4.2197718478324505e-04 -4.4198188926220162e-02 
1.0273670102668268e-02 1.1925033634286351e+00 -6.1554889115770353e-02 -1.1894000099772119e-01 -3.3066075074723156e-08 -1.2172955472030823e-07 -2.6852493880661581e-07 3.2274185556381396e-02 3.9063682552748780e-02 9.9871537769881613e-01 9.9945660610232934e-01 -7.9582152845070076e-03 -3.1986861801352198e-02 6.6984673684083122e-03 9.9920503177020781e-01 -3.9299300502818886e-02 4.1696857816511022e-02 6.2781506997770311e+00 -2.4692409537042023e-01 6.4551523989085258e-02 6.2831999999999999e+00 4.2430334540457572e-04 -4.4196798736496255e-02 
1.1309006958299958e-02 1.1925033633915703e+00 -6.1554889253652351e-02 -1.1894000129797749e-01 -3.8527340272147134e-08 -1.4482738595367588e-07 -3.1132628860622651e-07 3.2274247487020409e-02 3.9063241359411541e-02 9.9871539295418910e-01 9.9945660411292436e-01 -7.9582020322780025e-03 -3.1986927259034362e-02 6.6984658100099825e-03 9.9920504912400598e-01 -3.9298859536662449e-02 4.1624668539470090e-02 6.2781396363930266e+00 -2.4692222412086989e-01 7.1056752520390301e-02 6.2831999999999999e+00 4.2662950602590638e-04 -4.4195408546772348e-02 
1.2405146986041277e-02 1.1925033633461983e+00 -6.1554889426381536e-02 -1.1894000166348793e-01 -4.4243050890266320e-08 -1.7054462424393194e-07 -3.5532311179114126e-07 3.2274326165208818e-02 3.9062690372741411e-02 9.9871541196249813e-01 9.9945660159500482e-01 -7.9581840877284947e-03 -3.1987010397812377e-02 6.6984624165300514e-03 9.9920507080722243e-01 -3.9298308798028155e-02 4.1543537846849263e-02 6.2781268887788020e+00 -2.4692012336381555e-01 7.7944019542694559e-02 6.2831999999999999e+00 4.2909227720431718e-04 -4.4193936714108185e-02 
1.3501287013782597e-02 1.1925033632946731e+00 -6.1554889627870410e-02 -1.1894000207580822e-01 -4.9720028869150394e-08 -1.9723103061937146e-07 -3.9642480676642724e-07 3.2274419463319985e-02 3.9062048189512651e-02 9.9871543406495111e-01 9.9945659862049618e-01 -7.9581614817772466e-03 -3.1987108962493536e-02 6.6984567068961885e-03 9.9920509609242292e-01 -3.9297666860459927e-02 4.1457947385803585e-02 6.2781131020883878e+00 -2.4691790951687301e-01 8.4831286564998831e-02 6.2831999999999999e+00 4.3155504838272797e-04 -4.4192464881444023e-02 
1.4597427041523916e-02 1.1925033632373507e+00 -6.1554889858993232e-02 -1.1894000253091408e-01 -5.4774719472097425e-08 -2.2452257660108396e-07 -4.3297943229215845e-07 3.2274528509839875e-02 3.9061310175573606e-02 9.9871545940614781e-01 9.9945659515678775e-01 -7.9581335383443925e-03 -3.1987224140067758e-02 6.6984481089724492e-03 9.9920512516597471e-01 -3.9296929078210391e-02 4.1368252955994181e-02 6.2780983021644978e+00 -2.4691559192222107e-01 9.1718553587303089e-02 6.2831999999999999e+00 4.3401781956113876e-04 -4.4190993048779867e-02 
1.5693567069265234e-02 1.1925033631748072e+00 -6.1554890120182976e-02 -1.1894000302280883e-01 -5.9214579408056050e-08 -2.5202727510350777e-07 -4.6325939584487096e-07 3.2274654403894085e-02 3.9060472037537701e-02 9.9871548811826816e-01 9.9945659117244956e-01 -7.9580995561789811e-03 -3.1987357086841840e-02 6.6984360156980820e-03 9.9920515820108502e-01 -3.9296091145111678e-02 4.1274785657666478e-02 6.2780825152616995e+00 -2.4691317921326997e-01 9.8605820609607306e-02 6.2831999999999999e+00 4.3648059073954956e-04 -4.4189521216115704e-02 
1.6856537066212790e-02 1.1925033631036299e+00 -6.1554890430146746e-02 -1.1894000357602319e-01 -6.3027784940864264e-08 -2.8097336732727907e-07 -4.8651050098430458e-07 3.2274807586016349e-02 3.9059468940938466e-02 9.9871552239931372e-01 9.9945658634226542e-01 -7.9580560882865307e-03 -3.1987518821590136e-02 6.6984186455869470e-03 9.9920519775937122e-01 -3.9295088221060238e-02 4.1171835399388332e-02 6.2780647165276680e+00 -2.4691052422190032e-01 1.0591299369442818e-01 6.2831999999999999e+00 4.3909351328352478e-04 -4.4187959648080942e-02 
1.8019507063160342e-02 1.1925033630286719e+00 -6.1554890773389569e-02 -1.1894000414992095e-01 -6.5668891047325430e-08 -3.0915159431354994e-07 -4.9840742212565670e-07 3.2274982178539476e-02 3.9058344467683470e-02 9.9871556073429435e-01 9.9945658085735967e-01 -7.9580041004222793e-03 -3.1987703131887736e-02 6.6983957998240241e-03 9.9920524212905260e-01 -3.9293963856137745e-02 4.1065312822016697e-02 6.2780458691650711e+00 -2.4690777952857981e-01 1.1322016677924904e-01 6.2831999999999999e+00 4.4170643582750000e-04 -4.4186398080046173e-02 
1.9182477060107894e-02 1.1925033629514425e+00 -6.1554891148702828e-02 -1.1894000472999439e-01 -6.6875462703413670e-08 -3.3599339919075767e-07 -4.9661320641147853e-07 3.2275179385026276e-02 3.9057094733355779e-02 9.9871560323580166e-01 9.9945657468456339e-01 -7.9579426637699912e-03 -3.1987911284734070e-02 6.6983666265931401e-03 9.9920529146894876e-01 -3.9292714146339204e-02 4.0955523257915127e-02 6.2780260059570860e+00 -2.4690495285609743e-01 1.2052733986406988e-01 6.2831999999999999e+00 4.4431935837147522e-04 -4.4184836512011411e-02 
2.0345447057055450e-02 1.1925033628737753e+00 -6.1554891554162723e-02 -1.1894000529885573e-01 -6.6376512014738535e-08 -3.6089765977605872e-07 -4.7872200265203955e-07 3.2275400369889261e-02 3.9055716162321556e-02 9.9871565000554963e-01 9.9945656779216907e-01 -7.9578708280105305e-03 -3.1988144506711759e-02 6.6983302442437300e-03 9.9920534592591570e-01 -3.9291335495324937e-02 4.0842749788275866e-02 6.2780051600722304e+00 -2.4690205126060596e-01 1.2783451294889078e-01 6.2831999999999999e+00 4.4693228091545044e-04 -4.4183274943976648e-02 
2.1583551942154933e-02 1.1925033627930341e+00 -6.1554892015967255e-02 -1.1894000586937663e-01 -6.3656797759037239e-08 -3.8457000684729487e-07 -4.3920277138414057e-07 3.2275663026751396e-02 3.9054103286966992e-02 9.9871570458896386e-01 9.9945655962972446e-01 -7.9577818302628452e-03 -3.1988421678117898e-02 6.6982825633724510e-03 9.9920540967550253e-01 -3.9289722395409843e-02 4.0719702654950410e-02 6.2779819251269284e+00 -2.4689888700192275e-01 1.3561377356294785e-01 6.2831999999999999e+00 4.4971401404233542e-04 -4.4181612489212270e-02 
2.2821656827254420e-02 1.1925033627172301e+00 -6.1554892504874489e-02 -1.1894000637637112e-01 -5.8337824957987116e-08 -4.0452395667232830e-07 -3.7554751496864806e-07 3.2275955218484462e-02 3.9052337212996960e-02 9.9871576420567909e-01 9.9945655058278837e-01 -7.9576787389565307e-03 -3.1988729987949487e-02 6.6982245325756537e-03 9.9920547952224859e-01 -3.9287955925719396e-02 4.0593850127943823e-02 6.2779576554223731e+00 -2.4689565179141754e-01 1.4339303417700497e-01 6.2831999999999999e+00 4.5249574716922034e-04 -4.4179950034447885e-02 
2.4059761712353904e-02 1.1925033626497965e+00 -6.1554893015778385e-02 -1.1894000678806016e-01 -5.0061407523387225e-08 -4.1991655017279101e-07 -2.8460128263142790e-07 3.2276278203450103e-02 3.9050414771290676e-02 9.9871582893810196e-01 9.9945654061856193e-01 -7.9575603283127821e-03 -3.1989070764847249e-02 6.6981549781006938e-03 9.9920555559895075e-01 -3.9286032888011531e-02 4.0465451245856321e-02 6.2779323922989718e+00 -2.4689235166926399e-01 1.5117229479106203e-01 6.2831999999999999e+00 4.5527748029610532e-04 -4.4178287579683506e-02 
2.5297866597453388e-02 1.1925033625946293e+00 -6.1554893542460881e-02 -1.1894000706859691e-01 -3.8461366343425810e-08 -4.2986755016352678e-07 -1.6314827823763994e-07 3.2276633187870711e-02 3.9048333070715480e-02 9.9871589885935508e-01 9.9945652970608700e-01 -7.9574253551924958e-03 -3.1989445284068024e-02 6.6980727020181522e-03 9.9920563802758366e-01 -3.9283950360974110e-02 4.0334745184508851e-02 6.2779061774101885e+00 -2.4688899204312556e-01 1.5895155540511910e-01 6.2831999999999999e+00 4.5805921342299025e-04 -4.4176625124919128e-02 
2.6620878509416177e-02 1.1925033625541694e+00 -6.1554894114388185e-02 -1.1894000717826145e-01 -2.1969152322132733e-08 -4.3344949807141344e-07 4.0579278861576329e-09 3.2277049186798322e-02 3.9045929660001082e-02 9.9871597938191370e-01 9.9945651696435245e-01 -7.9572613943443178e-03 -3.1989884160265838e-02 6.6979693398977296e-03 9.9920573325421036e-01 -3.9281545777037130e-02 4.0192772122737808e-02 6.2778771602792665e+00 -2.4688534161518216e-01 1.6726430385036370e-01 6.2831999999999999e+00 4.6103171285099675e-04 -4.4174848661969301e-02 
2.7943890421378965e-02 1.1925033625385770e+00 -6.1554894685624306e-02 -1.1894000703896096e-01 -7.8641250432298355e-10 -4.2860479985755024e-07 2.1393074030980372e-07 3.2277504385546191e-02 3.9043338663868173e-02 9.9871606596500495e-01 9.9945650307343625e-01 -7.9570755154062082e-03 -3.1990364384618143e-02 6.6978485246841132e-03 9.9920583597936274e-01 -3.9278953269146141e-02 4.0048651117004799e-02 6.2778471558855218e+00 -2.4688163355817994e-01 1.7557705229560827e-01 6.2831999999999999e+00 4.6400421227900325e-04 -4.4173072199019482e-02 
2.9266902333341751e-02 1.1925033625543657e+00 -6.1554895244246038e-02 -1.1894000659156066e-01 2.5563056214575779e-08 -4.1412407332611447e-07 4.7061872594540730e-07 3.2278000058933887e-02 3.9040557605578848e-02 9.9871615866272878e-01 9.9945648800250975e-01 -7.9568661366898243e-03 -3.1990887311423508e-02 6.6977087040935865e-03 9.9920594631093163e-01 -3.9276170319760509e-02 3.9902598893627447e-02 6.2778162160809670e+00 -2.4687787208040698e-01 1.8388980074085282e-01 6.2831999999999999e+00 4.6697671170700976e-04 -4.4171295736069656e-02 
3.0589914245304540e-02 1.1925033626086989e+00 -6.1554895776644566e-02 -1.1894000577127908e-01 5.7562627153621900e-08 -3.8875633075026406e-07 7.7832081085456066e-07 3.2278537412414918e-02 3.9037584256889225e-02 9.9871625752157289e-01 9.9945647172309338e-01 -7.9566316640643387e-03 -3.1991454224340882e-02 6.6975483082295584e-03 9.9920606434706138e-01 -3.9273194658828739e-02 3.9754814645889126e-02 6.2777843928825083e+00 -2.4687406078132537e-01 1.9220254918609747e-01 6.2831999999999999e+00 4.6994921113501631e-04 -4.4169519273119830e-02 
3.2009573218310522e-02 1.1925033627187833e+00 -6.1554896301306145e-02 -1.1894000439603510e-01 9.8743300923952620e-08 -3.4795372492481858e-07 1.1700854933628124e-06 3.2279161671835144e-02 3.9034177593417471e-02 9.9871637049833373e-01 9.9945645288058960e-01 -7.9563503206806843e-03 -3.1992112854958663e-02 6.6973514999149322e-03 9.9920619967511004e-01 -3.9269784996946840e-02 3.9594513705569795e-02 6.2777493218662439e+00 -2.4686991901720801e-01 2.0112255044528865e-01 6.2831999999999999e+00 4.7313885398484070e-04 -4.4167613038153898e-02 
3.3429232191316501e-02 1.1925033628927111e+00 -6.1554896757130509e-02 -1.1894000241631807e-01 1.4761140513878539e-07 -2.9147800976227517e-07 1.6308137862752259e-06 3.2279836547574617e-02 3.9030545204217497e-02 9.9871649064863244e-01 9.9945643258724326e-01 -7.9560362252450272e-03 -3.1992824938787183e-02 6.6971271783665097e-03 9.9920634406945208e-01 -3.9266149020659745e-02 3.9432622832884970e-02 6.2777133584473281e+00 -2.4686572607184440e-01 2.1004255170447980e-01 6.2831999999999999e+00 4.7632849683466508e-04 -4.4165706803187960e-02 
3.4848891164322486e-02 1.1925033631418307e+00 -6.1554897120695090e-02 -1.1893999973046580e-01 2.0479066659031050e-07 -2.1763192107225062e-07 2.1658808609130091e-06 3.2280563264406037e-02 3.9026685297023390e-02 9.9871661800034917e-01 9.9945641081682379e-01 -7.9556873608681317e-03 -3.1993591792244404e-02 6.6968733365174952e-03 9.9920649761365077e-01 -3.9262284882205054e-02 3.9269320297042880e-02 6.2776765673253383e+00 -2.4686148404496547e-01 2.1896255296367098e-01 6.2831999999999999e+00 4.7951813968448947e-04 -4.4163800568222028e-02 
3.6268550137328465e-02 1.1925033634783970e+00 -6.1554897366062337e-02 -1.1893999622903711e-01 2.7091065680282739e-07 -1.2467359389621774e-07 2.7806974112050289e-06 3.2281342954908115e-02 3.9022596300162506e-02 9.9871675257553227e-01 9.9945638754612642e-01 -7.9553017043925145e-03 -3.1994414638174443e-02 6.6965879576848302e-03 9.9920666038251638e-01 -3.9258190953460434e-02 3.9104769097563483e-02 6.2776390130925082e+00 -2.4685719443689469e-01 2.2788255422286219e-01 6.2831999999999999e+00 4.8270778253431385e-04 -4.4161894333256096e-02 
3.7799097810231788e-02 1.1925033639543503e+00 -6.1554897465433869e-02 -1.1893999140565772e-01 3.5294140168730194e-07 -9.9134021767698666e-10 3.5391362111154670e-06 3.2282244082997465e-02 3.9017929753028452e-02 9.9871690577197580e-01 9.9945636075399513e-01 -7.9548423755609245e-03 -3.1995365776308467e-02 6.6962426289420051e-03 9.9920684627386502e-01 -3.9253518238326228e-02 3.8926134380189180e-02 6.2775977447725300e+00 -2.4685251746095574e-01 2.3749929136124834e-01 6.2831999999999999e+00 4.8614656644933711e-04 -4.4159839203435067e-02 
3.9329645483135112e-02 1.1925033645648846e+00 -6.1554897355472281e-02 -1.1893998534129248e-01 4.4690818805508903e-07 1.4927711406196055e-07 4.4034878500326218e-06 3.2283209178488967e-02 3.9012994051681502e-02 9.9871706739209076e-01 9.9945633217326080e-01 -7.9543353649410946e-03 -3.1996384603178898e-02 6.6958557265283120e-03 9.9920704303163399e-01 -3.9248575414452945e-02 3.8746378093850273e-02 6.2775557451033697e+00 -2.4684778639176638e-01 2.4711602849963449e-01 6.2831999999999999e+00 4.8958535036436042e-04 -4.4157784073614037e-02 
4.0860193156038435e-02 1.1925033653288810e+00 -6.1554896993733038e-02 -1.1893997786860395e-01 5.5362138117004741e-07 3.2847700651665524e-07 5.3806634506510382e-06 3.2284239305047882e-02 3.9007788102787211e-02 9.9871723744001617e-01 9.9945630178651457e-01 -7.9537781131032975e-03 -3.1997472290028736e-02 6.6954246854158033e-03 9.9920725071481076e-01 -3.9243361314066388e-02 3.8565643736072512e-02 6.2775130943467943e+00 -2.4684300074591595e-01 2.5673276563802061e-01 6.2831999999999999e+00 4.9302413427938373e-04 -4.4155728943793007e-02 
4.2390740828941759e-02 1.1925033662664799e+00 -6.1554896334055684e-02 -1.1893996880955207e-01 6.7389493544211834e-07 5.3899804233435899e-07 6.4775871228095857e-06 3.2285335404012010e-02 3.9002311007673499e-02 9.9871741591598651e-01 9.9945626958026756e-01 -7.9531680625884935e-03 -3.1998629884166761e-02 6.6949469412531971e-03 9.9920746937451554e-01 -3.9237874963163770e-02 3.8384061723619640e-02 6.2774698721829347e+00 -2.4683815943019877e-01 2.6634950277640684e-01 6.2831999999999999e+00 4.9646291819440693e-04 -4.4153673813971978e-02 
4.4049658302022468e-02 1.1925033675036332e+00 -6.1554895224607178e-02 -1.1893995697990711e-01 8.2051940959452133e-07 8.0537299989292831e-07 7.8098019538125451e-06 3.2286598888314900e-02 3.8996067531749369e-02 9.9871761887396426e-01 9.9945623260696825e-01 -7.9524442512945888e-03 -3.1999964586159023e-02 6.6943734068655595e-03 9.9920771881900761e-01 -3.9231620119492057e-02 3.8186427401367240e-02 6.2774224713872435e+00 -2.4683284717092158e-01 2.7677281304326756e-01 6.2831999999999999e+00 5.0019011913285253e-04 -4.4151446316697693e-02 
4.5708575775103177e-02 1.1925033689987574e+00 -6.1554893638212926e-02 -1.1893994281065416e-01 9.8508218583799147e-07 1.1145598088003676e-06 9.2997120113542577e-06 3.2287941721751957e-02 3.8989504157320200e-02 9.9871783171471207e-01 9.9945619347789194e-01 -7.9516521519757428e-03 -3.2001383512845850e-02 6.6937387202568024e-03 9.9920798124995791e-01 -3.9225043891940183e-02 3.7988059564674853e-02 6.2773745922134481e+00 -2.4682746433801661e-01 2.8719612331012828e-01 6.2831999999999999e+00 5.0391732007129813e-04 -4.4149218819423408e-02 
4.7367493248183880e-02 1.1925033707824728e+00 -6.1554891501246760e-02 -1.1893992603289226e-01 1.1686320474564762e-06 1.4697616528155660e-06 1.0956174936798594e-05 3.2289364625404868e-02 3.8982620538441676e-02 9.9871805442178641e-01 9.9945615219116057e-01 -7.9507885162090116e-03 -3.2002887513633532e-02 6.6930396179498211e-03 9.9920825670023417e-01 -3.9218145835138385e-02 3.7789070403215844e-02 6.2773263334801328e+00 -2.4682200707679597e-01 2.9761943357698889e-01 6.2831999999999999e+00 5.0764452100974372e-04 -4.4146991322149123e-02 
4.9026410721264589e-02 1.1925033728871546e+00 -6.1554888734624787e-02 -1.1893990636295179e-01 1.3722174162852174e-06 1.8742195744080107e-06 1.2788025199680301e-05 3.2290868158619042e-02 3.8975416500376642e-02 9.9871828697695275e-01 9.9945610874997814e-01 -7.9498501092349922e-03 -3.2004477274165735e-02 6.6922728511823815e-03 9.9920854519557478e-01 -3.9210925674134006e-02 3.7589561131610050e-02 6.2772777926211161e+00 -2.4681647088440550e-01 3.0804274384384966e-01 6.2831999999999999e+00 5.1137172194818932e-04 -4.4144763824874839e-02 
5.0835436663129625e-02 1.1925033755882302e+00 -6.1554884900598107e-02 -1.1893988126591713e-01 1.6182920068944374e-06 2.3752674695353591e-06 1.4995889908764542e-05 3.2292600108703794e-02 3.8967195397977251e-02 9.9871855177574076e-01 9.9945605893209044e-01 -7.9487377806728102e-03 -3.2006309247196482e-02 6.6913557783544915e-03 9.9920887468562136e-01 -3.9202684950618905e-02 3.7371510500227502e-02 6.2772246506598979e+00 -2.4681033767740118e-01 3.1940921564177605e-01 6.2831999999999999e+00 5.1543618163205193e-04 -4.4142334770735620e-02 
5.2644462604994668e-02 1.1925033787581654e+00 -6.1554880100432321e-02 -1.1893985196804625e-01 1.8907987034059378e-06 2.9430896101881409e-06 1.7434209642823029e-05 3.2294428715089661e-02 3.8958593599285225e-02 9.9871882822881097e-01 9.9945600657959488e-01 -7.9475285401942840e-03 -3.2008244282856833e-02 6.6903502101350321e-03 9.9920921972070720e-01 -3.9194061274601337e-02 3.7153042747206676e-02 6.2771714101714347e+00 -2.4680409671663481e-01 3.3077568743970248e-01 6.2831999999999999e+00 5.1950064131591454e-04 -4.4139905716596393e-02 
5.4453488546859705e-02 1.1925033824459961e+00 -6.1554874209474135e-02 -1.1893981804220913e-01 2.1910928543152582e-06 3.5820193169385387e-06 2.0114331185496112e-05 3.2296354063380529e-02 3.8949611607300136e-02 9.9871911630340160e-01 9.9945595171673307e-01 -7.9462182489374415e-03 -3.2010282621987601e-02 6.6892519919676853e-03 9.9920958030393947e-01 -3.9185055016003847e-02 3.6934241920161537e-02 6.2771181914901959e+00 -2.4679773947954853e-01 3.4214215923762886e-01 6.2831999999999999e+00 5.2356510099977726e-04 -4.4137476662457174e-02 
5.6262514488724741e-02 1.1925033867032147e+00 -6.1554867095084703e-02 -1.1893977904078012e-01 2.5205224143792607e-06 4.2964084808284892e-06 2.3047517696589907e-05 3.2298376026908271e-02 3.8940250075932298e-02 9.9871941596728864e-01 9.9945589437429994e-01 -7.9448027993055236e-03 -3.2012424290395226e-02 6.6880570042941248e-03 9.9920995643182919e-01 -3.9175666695071089e-02 3.6715183105171433e-02 6.2770651122267287e+00 -2.4679125671687380e-01 3.5350863103555530e-01 6.2831999999999999e+00 5.2762956068363987e-04 -4.4135047608317948e-02 
5.8249075772568389e-02 1.1925033920984052e+00 -6.1554857705640738e-02 -1.1893972980730928e-01 2.9174411127175981e-06 5.1730354351743035e-06 2.6573399556631404e-05 3.2300707321101824e-02 3.8929533561370591e-02 9.9871975835228688e-01 9.9945582859233240e-01 -7.9431224443455364e-03 -3.2014894949811440e-02 6.6866284007650089e-03 9.9921038736720735e-01 -3.9164917695582932e-02 3.6474405780949834e-02 6.2770071210490270e+00 -2.4678398120976466e-01 3.6599059289420172e-01 6.2831999999999999e+00 5.3209290090494186e-04 -4.4132380170113956e-02 
6.0235637056412036e-02 1.1925033983200726e+00 -6.1554846474296245e-02 -1.1893967324069707e-01 3.3528779491365092e-06 6.1517427263837865e-06 3.0432644304060648e-05 3.2303153981297732e-02 3.8918361720140772e-02 9.9872011462865795e-01 9.9945575992360525e-01 -7.9413049992335290e-03 -3.2017489446187042e-02 6.6850728034969662e-03 9.9921083700884950e-01 -3.9153709986187869e-02 3.6233463593010509e-02 6.2769495850535799e+00 -2.4677652785747717e-01 3.7847255475284808e-01 6.2831999999999999e+00 5.3655624112624375e-04 -4.4129712731909972e-02 
6.2222198340255684e-02 1.1925034054464718e+00 -6.1554833192562858e-02 -1.1893960866424357e-01 3.8285832008971816e-06 7.2383380395738795e-06 3.4639796281695114e-05 3.2305714988345460e-02 3.8906736091110908e-02 9.9872048475327768e-01 9.9945568843513821e-01 -7.9393451555953790e-03 -3.2020206950358218e-02 6.6833849010213275e-03 9.9921130532296865e-01 -3.9142044926496228e-02 3.5992415200729849e-02 6.2768926482322858e+00 -2.4676888132705607e-01 3.9095451661149450e-01 6.2831999999999999e+00 5.4101958134754574e-04 -4.4127045293705980e-02 
6.4208759624099332e-02 1.1925034135593142e+00 -6.1554817640307936e-02 -1.1893953537260714e-01 4.3462870792555351e-06 8.4386041531729846e-06 3.9209211837198130e-05 3.2308389048619469e-02 3.8894658347839846e-02 9.9872086868608156e-01 9.9945561420226559e-01 -7.9372376643094891e-03 -3.2023046354652335e-02 6.6815594478472629e-03 9.9921179226941614e-01 -3.9129924010656895e-02 3.5751312215613854e-02 6.2768364496388642e+00 -2.4676102542188713e-01 4.0343647847014097e-01 6.2831999999999999e+00 5.4548292156884773e-04 -4.4124377855501988e-02 
6.6408013992858367e-02 1.1925034237942265e+00 -6.1554797494610757e-02 -1.1893944318200300e-01 4.9704687940634065e-06 9.9069069978401650e-06 4.4707485246724750e-05 3.2311479371570404e-02 3.8880762386475774e-02 9.9872130978420104e-01 9.9945552892178124e-01 -7.9347260579142945e-03 -3.2026330262252642e-02 6.6793718642971234e-03 9.9921235302543654e-01 -3.9115975673196954e-02 3.5484383512480212e-02 6.2767752569874418e+00 -2.4675206354272197e-01 4.1725483351992776e-01 6.2831999999999999e+00 5.5042413358218360e-04 -4.4121424825474057e-02 
6.8607268361617388e-02 1.1925034354629007e+00 -6.1554773951624953e-02 -1.1893933837441495e-01 5.6505136807267873e-06 1.1529359879037616e-05 5.0686088534698157e-05 3.2314703825342642e-02 3.8866317303470253e-02 9.9872176770907894e-01 9.9945544050526092e-01 -7.9320201690878354e-03 -3.2029759606809122e-02 6.6770024047408047e-03 9.9921293648316001e-01 -3.9101473163858563e-02 3.5217483709604008e-02 6.2767153087322320e+00 -2.4674279952649714e-01 4.3107318856971438e-01 6.2831999999999999e+00 5.5536534559551959e-04 -4.4118471795446125e-02 
7.0806522730376409e-02 1.1925034486906818e+00 -6.1554746663933971e-02 -1.1893921987288045e-01 6.3886776511675176e-06 1.3313657908440441e-05 5.7163661390119479e-05 3.2318059538409702e-02 3.8851326002165967e-02 9.9872224241554641e-01 9.9945534908862033e-01 -7.9291131319074136e-03 -3.2033331751235468e-02 6.6744442326653382e-03 9.9921354255875050e-01 -3.9086419142334204e-02 3.4950648247095102e-02 6.2766567720807451e+00 -2.4673320763982934e-01 4.4489154361950106e-01 6.2831999999999999e+00 5.6030655760885546e-04 -4.4115518765418194e-02 
7.3005777099135444e-02 1.1925034636078020e+00 -6.1554715267235889e-02 -1.1893908656015996e-01 7.1871734282500816e-06 1.5267382174564190e-05 6.4158470225398148e-05 3.2321543294930088e-02 3.8835791509643558e-02 9.9872273386403232e-01 9.9945525481794628e-01 -7.9259981865348224e-03 -3.2037043707888256e-02 6.6716906274341872e-03 9.9921417116179856e-01 -3.9070816392868246e-02 3.4683907328342312e-02 6.2765998056616361e+00 -2.4672326106337641e-01 4.5870989866928785e-01 6.2831999999999999e+00 5.6524776962219134e-04 -4.4112565735390255e-02 
7.5463563424069707e-02 1.1925034824436169e+00 -6.1554674848873329e-02 -1.1893891862672906e-01 8.1535890087878881e-06 1.7660421855461063e-05 7.2609553403983536e-05 3.2325583711509377e-02 3.8817792047286324e-02 9.9872330285134181e-01 9.9945514628043330e-01 -7.9222628812392389e-03 -3.2041353348381672e-02 6.6683739596081265e-03 9.9921490019485459e-01 -3.9052733800858053e-02 3.4385950333411443e-02 6.2765381848773503e+00 -2.4671169115148997e-01 4.7415266170611481e-01 6.2831999999999999e+00 5.7076984268817808e-04 -4.4109265563785333e-02 
7.7921349749003971e-02 1.1925035037536869e+00 -6.1554628266790930e-02 -1.1893872907559498e-01 9.2010315818228186e-06 2.0284651789005124e-05 8.1753422745493777e-05 3.2329774144971853e-02 3.8799122828150838e-02 9.9872389266078254e-01 9.9945503460603180e-01 -7.9182504650263715e-03 -3.2045828281163022e-02 6.6647958998789095e-03 9.9921565709176940e-01 -3.9033973898053027e-02 3.4088159857519722e-02 6.2764789100993825e+00 -2.4669960260065457e-01 4.8959542474294176e-01 6.2831999999999999e+00 5.7629191575416482e-04 -4.4105965392180417e-02 
8.0379136073938248e-02 1.1925035277407396e+00 -6.1554574940464825e-02 -1.1893851617449186e-01 1.0332390464467578e-05 2.3150092136535631e-05 9.1613871990224891e-05 3.2334108690121391e-02 3.8779788691881589e-02 9.9872450325613760e-01 9.9945492004019887e-01 -7.9139519776472936e-03 -3.2050462891109167e-02 6.6609475792796177e-03 9.9921644169474133e-01 -3.9014541189633538e-02 3.3790549441692345e-02 6.2764221649045675e+00 -2.4668695313460681e-01 5.0503818777976883e-01 6.2831999999999999e+00 5.8181398882015155e-04 -4.4102665220575495e-02 
8.2836922398872512e-02 1.1925035546144103e+00 -6.1554514265181298e-02 -1.1893827813439180e-01 1.1550468962175682e-05 2.6266474141250231e-05 1.0221398382241022e-04 3.2338581037046482e-02 3.8759794597550898e-02 9.9872513460874646e-01 9.9945480283983534e-01 -7.9093586472389048e-03 -3.2055251148230851e-02 6.6568203293561360e-03 9.9921725383849225e-01 -3.8994440303171299e-02 3.3493129110275896e-02 6.2763681183500069e+00 -2.4667369904552744e-01 5.2048095081659573e-01 6.2831999999999999e+00 5.8733606188613829e-04 -4.4099365048970579e-02 
8.5614006636148168e-02 1.1925035887247513e+00 -6.1554436074679121e-02 -1.1893797660174539e-01 1.3034549870541253e-05 3.0101516074131619e-05 1.1510928675361723e-04 3.2343791793430575e-02 3.8736415289123312e-02 9.9872587293160231e-01 9.9945466758013446e-01 -7.9038030281051563e-03 -3.2060838260601250e-02 6.6518106333288037e-03 9.9921820441195142e-01 -3.8970930025560152e-02 3.3157304746061288e-02 6.2763104915368917e+00 -2.4665793877606162e-01 5.3792992649624616e-01 6.2831999999999999e+00 5.9357552294630447e-04 -4.4095636142819812e-02 
8.8391090873423811e-02 1.1925036271195542e+00 -6.1554346756698158e-02 -1.1893763786986611e-01 1.4636608013986642e-05 3.4282198024092907e-05 1.2900869829957819e-04 3.2349159637234261e-02 3.8712207547465766e-02 9.9872663770301917e-01 9.9945452970312654e-01 -7.8978479229104472e-03 -3.2066603407352290e-02 6.6464220946835075e-03 9.9921918966010048e-01 -3.8946579931376839e-02 3.2821724790700141e-02 6.2762567096232607e+00 -2.4664128137482383e-01 5.5537890217589647e-01 6.2831999999999999e+00 5.9981498400647054e-04 -4.4091907236669038e-02 
9.1168175110699468e-02 1.1925036701315916e+00 -6.1554245333629430e-02 -1.1893725910786465e-01 1.6360281994754071e-05 3.8821169571034751e-05 1.4394218137572072e-04 3.2354673796960748e-02 3.8687179152431368e-02 9.9872742890776067e-01 9.9945438962581346e-01 -7.8914815544476082e-03 -3.2072536173012943e-02 6.6406431303574088e-03 9.9922020930728417e-01 -3.8921397337605641e-02 3.2486380963334539e-02 6.2762069512393630e+00 -2.4662365724217106e-01 5.7282787785554679e-01 6.2831999999999999e+00 6.0605444506663672e-04 -4.4088178330518271e-02 
9.3945259347975124e-02 1.1925037181032729e+00 -6.1554130794179422e-02 -1.1893683740558585e-01 1.8209043744135309e-05 4.3730455846566863e-05 1.5993835537591900e-04 3.2360323097113647e-02 3.8661338006581614e-02 9.9872824653785697e-01 9.9945424777539027e-01 -7.8846924857357177e-03 -3.2078625720844675e-02 6.6344625089912838e-03 9.9922126306836456e-01 -3.8895389691716110e-02 3.2151263143314540e-02 6.2761613709703035e+00 -2.4660499483260093e-01 5.9027685353519732e-01 6.2831999999999999e+00 6.1229390612680290e-04 -4.4084449424367497e-02 
9.5458944510981344e-02 1.1925037464646067e+00 -6.1554062468152419e-02 -1.1893658840551927e-01 1.9270595296368898e-05 4.6566361360820987e-05 1.6911455625594592e-04 3.2363455102145201e-02 3.8646913599132200e-02 9.9872870332393315e-01 9.9945416986731961e-01 -7.8808100481993857e-03 -3.2082006916882851e-02 6.6309206511786173e-03 9.9922185169372546e-01 -3.8880869191316718e-02 3.1968693288265106e-02 6.2761383339648384e+00 -2.4659435926189138e-01 5.9978764015139796e-01 6.2831999999999999e+00 6.1569480391202589e-04 -4.4082416936537673e-02 
9.6972629673987565e-02 1.1925037764619995e+00 -6.1553989762468710e-02 -1.1893632526773060e-01 2.0370812001128903e-05 4.9517469791446413e-05 1.7861887328154239e-04 3.2366621894434081e-02 3.8632251448917319e-02 9.9872916796052480e-01 9.9945409163447707e-01 -7.8767969683930447e-03 -3.2085429475460524e-02 6.6272545030968150e-03 9.9922245031699430e-01 -3.8866107088886097e-02 3.1786183223297612e-02 6.2761165961323826e+00 -2.4658338123855630e-01 6.0929842676759871e-01 6.2831999999999999e+00 6.1909570169724898e-04 -4.4080384448707849e-02 
9.8486314836993785e-02 1.1925038081543635e+00 -6.1553912501426174e-02 -1.1893604749237183e-01 2.1510193934557797e-05 5.2585497299862672e-05 1.8845543931419767e-04 3.2369821527591061e-02 3.8617352890627267e-02 9.9872964044829649e-01 9.9945401314938853e-01 -7.8726515217946609e-03 -3.2088891498495656e-02 6.6234623768730121e-03 9.9922305888811858e-01 -3.8851104648451103e-02 3.1603729886030586e-02 6.2760961738523386e+00 -2.4657204844806122e-01 6.1880921338379935e-01 6.2831999999999999e+00 6.2249659948247196e-04 -4.4078351960878018e-02 
1.0000000000000001e-01 1.1925038416013394e+00 -6.1553830506827334e-02 -1.1893575457357075e-01 2.2689225467605055e-05 5.5772099803189253e-05 1.9862826143959855e-04 3.2373052035389892e-02 3.8602219268353326e-02 9.9873012078812518e-01 9.9945393448495945e-01 -7.8683720153835558e-03 -3.2092391066506271e-02 6.6195426165372717e-03 9.9922367735626494e-01 -3.8835863144292770e-02 3.1421330070352610e-02 6.2760770814939191e+00 -2.4656034842427899e-01 6.2832000000000010e-01 6.2831999999999999e+00 6.2589749726769505e-04 -4.4076319473048194e-02 
1.0000000000000001e-01 1.1925038416013394e+00 -6.1553830506827334e-02 -1.1893575457357075e-01 2.2689225467605055e-05 5.5772099803189253e-05 1.9862826143959855e-04 3.2373052035389892e-02 3.8602219268353326e-02 9.9873012078812518e-01 9.9945393448495945e-01 -7.8683720153835558e-03 -3.2092391066506271e-02 6.6195426165372717e-03 9.9922367735626494e-01 -3.8835863144292770e-02 3.1421330070352610e-02 6.2760770814939191e+00 -2.4656034842427899e-01 6.2832000000000010e-01 6.2831999999999999e+00 6.2589749726769505e-04 -4.4076319473048194e-02 
1.0079955641440973e-01 1.1925038599974414e+00 -6.1553785223528265e-02 -1.1893559356163651e-01 2.3328556417052367e-05 5.7504999367956828e-05 2.0414194327545075e-04 3.2374770089166442e-02 3.8594132893652586e-02 9.9873037761342121e-01 9.9945389289052633e-01 -7.8660568380533487e-03 -3.2094253937373356e-02 6.6174200146190054e-03 9.9922400794616340e-01 -3.8827718144933937e-02 3.1332030545204649e-02 6.2760680810394458e+00 -2.4655419977825388e-01 6.3334377286301924e-01 6.2831999999999999e+00 6.2341410647506063e-04 -4.4076947515158338e-02 
1.0159911282881945e-01 1.1925038789095275e+00 -6.1553738540178794e-02 -1.1893542810053905e-01 2.3979903610188968e-05 5.9274194314232845e-05 2.0975734656707531e-04 3.2376495031531560e-02 3.8585992571539066e-02 9.9873063623117575e-01 9.9945385130722586e-01 -7.8637036496939077e-03 -3.2096125499307758e-02 6.6152608891036262e-03 9.9922434084752276e-01 -3.8819518044278717e-02 3.1256257534285854e-02 6.2760605357015047e+00 -2.4654829683147705e-01 6.3836754572603838e-01 6.2831999999999999e+00 6.2093071568242620e-04 -4.4077575557268489e-02 
1.0239866924322917e-01 1.1925038983472291e+00 -6.1553690427675140e-02 -1.1893525810875226e-01 2.4643312153250494e-05 6.1079882613130845e-05 2.1547482245294866e-04 3.2378225699000021e-02 3.8577808971644006e-02 9.9873089626561684e-01 9.9945380977505938e-01 -7.8613123574138993e-03 -3.2098004519631254e-02 6.6130648498170285e-03 9.9922467564755291e-01 -3.8811273495280851e-02 3.1193230276932705e-02 6.2760544348833145e+00 -2.4654261677672781e-01 6.4339131858905763e-01 6.2831999999999999e+00 6.1844732488979188e-04 -4.4078203599378633e-02 
1.0319822565763889e-01 1.1925039183201955e+00 -6.1553640856773596e-02 -1.1893508350464013e-01 2.5318813677687681e-05 6.2922243465972350e-05 2.2129459672688443e-04 3.2379960937715294e-02 3.8569592197814806e-02 9.9873115736285878e-01 9.9945376833328803e-01 -7.8588829154646236e-03 -3.2099889777298614e-02 6.6108315714384219e-03 9.9922501195526758e-01 -3.8802994586999068e-02 3.1142209444861485e-02 6.2760497675146292e+00 -2.4653713790641560e-01 6.4841509145207676e-01 6.2831999999999999e+00 6.1596393409715745e-04 -4.4078831641488785e-02 
1.0403247735355407e-01 1.1925039397409176e+00 -6.1553587548362279e-02 -1.1893489631859959e-01 2.6036538203259485e-05 6.4883817680676256e-05 2.2747606858146912e-04 3.2381775109756136e-02 3.8560993809010326e-02 9.9873143056438651e-01 9.9945372523123466e-01 -7.8563073862084245e-03 -3.2101862183754361e-02 6.6084614058591834e-03 9.9922536406493345e-01 -3.8794330090005463e-02 3.1101020145655588e-02 6.2760464132294196e+00 -2.4653161349911187e-01 6.5365686170785098e-01 6.2831999999999999e+00 6.1337278112403681e-04 -4.4079486936332339e-02 
1.0486672904946925e-01 1.1925039617659070e+00 -6.1553532586717322e-02 -1.1893470392914002e-01 2.6767451629394892e-05 6.6885651779926953e-05 2.3376897615797897e-04 3.2383591724152665e-02 3.8552379806360747e-02 9.9873170421204416e-01 9.9945368231238185e-01 -7.8536903871273579e-03 -3.2103838703921729e-02 6.6060502017367059e-03 9.9922571702221230e-01 -3.8785648662395575e-02 3.1071401846377050e-02 6.2760445932688524e+00 -2.4652626366009966e-01 6.5889863196362530e-01 6.2831999999999999e+00 6.1078162815091628e-04 -4.4080142231175901e-02 
1.0570098074538442e-01 1.1925039844061680e+00 -6.1553475938188232e-02 -1.1893450624331273e-01 2.7511543923563492e-05 6.8927884326910107e-05 2.4017314888692703e-04 3.2385409504738165e-02 3.8543759742987405e-02 9.9873197797811308e-01 9.9945363961875577e-01 -7.8510320265451124e-03 -3.2105817992130650e-02 6.6035978100025452e-03 9.9922607045702239e-01 -3.8776959846932149e-02 3.1052655608342437e-02 6.2760442934449268e+00 -2.4652106747437286e-01 6.6414040221939952e-01 6.2831999999999999e+00 6.0819047517779565e-04 -4.4080797526019455e-02 
