0.0000000000000000e+00 1.1925033635433711e+00 -6.1554888820843395e-02 -1.1894000000000000e-01 0.0000000000000000e+00 0.0000000000000000e+00 0.0000000000000000e+00 3.2273996636208710e-02 3.9065100958294130e-02 9.9871532832346388e-01 9.9945661224262339e-01 -7.9582473510096258e-03 -3.1986661963988784e-02 6.6984614371008661e-03 9.9920497606157788e-01 -3.9300717908929313e-02 4.2087772901592158e-02 6.2782047055901060e+00 -2.4693427076538466e-01 0.0000000000000000e+00 6.2831999999999999e+00 4.0122080839767750e-04 -4.4210593880413998e-02 
0.0000000000000000e+00 1.1925033635433711e+00 -6.1554888820843395e-02 -1.1894000000000000e-01 0.0000000000000000e+00 0.0000000000000000e+00 0.0000000000000000e+00 3.2273996636208710e-02 3.9065100958294130e-02 9.9871532832346388e-01 9.9945661224262339e-01 -7.9582473510096258e-03 -3.1986661963988784e-02 6.6984614371008661e-03 9.9920497606157788e-01 -3.9300717908929313e-02 4.2087772901592158e-02 6.2782047055901060e+00 -2.4693427076538466e-01 0.0000000000000000e+00 6.2831999999999999e+00 4.0122080839767750e-04 -4.4210593880413998e-02 
7.9955641440972094e-04 1.1925033635434419e+00 -6.1554888820605128e-02 -1.1893999999941311e-01 2.6952098874953430e-10 9.0515765675243300e-10 2.2337970090656118e-09 3.2273996533106079e-02 3.9065101226798203e-02 9.9871532831629306e-01 9.9945661224597193e-01 -7.9582473526885172e-03 -3.1986661858942264e-02 6.6984614342356355e-03 9.9920497605106706e-01 -3.9300718176651962e-02 4.2088766364073278e-02 6.2782050918397498e+00 -2.4693429678134582e-01 5.0237728630191589e-03 6.2831999999999999e+00 4.0061654801905024e-04 -4.4211803402989726e-02 
1.5991128288194419e-03 1.1925033635439437e+00 -6.1554888818919788e-02 -1.1893999999525336e-01 1.0764493537706349e-09 3.6130743551485396e-09 8.9227095966663496e-09 3.2273995813169337e-02 3.9065103058945679e-02 9.9871532826789311e-01 9.9945661226931926e-01 -7.9582473682081357e-03 -3.1986661125569291e-02 6.6984614193951438e-03 9.9920497597931346e-01 -3.9300720003487388e-02 4.2091670265073905e-02 6.2782062450027141e+00 -2.4693437277075028e-01 1.0047545726038318e-02 6.2831999999999999e+00 4.0001228764042303e-04 -4.4213012925565447e-02 
2.3986692432291629e-03 1.1925033635453057e+00 -6.1554888814350658e-02 -1.1893999998396382e-01 2.4163703978794941e-09 8.1050672812920171e-09 2.0032144420138794e-08 3.2273993865820312e-02 3.9065107934539087e-02 9.9871532814011210e-01 9.9945661233240146e-01 -7.9582474180159967e-03 -3.1986659142106605e-02 6.6984613896523392e-03 9.9920497578829959e-01 -3.9300724865005777e-02 4.2096374267710228e-02 6.2782081565388923e+00 -2.4693449576360504e-01 1.5071318589057475e-02 6.2831999999999999e+00 3.9940802726179576e-04 -4.4214222448141174e-02 
3.1982256576388837e-03 1.1925033635479496e+00 -6.1554888805486485e-02 -1.1893999996204321e-01 4.2822523634355598e-09 1.4352655746480555e-08 3.5506340568202462e-08 3.2273990087634354e-02 3.9065117253180404e-02 9.9871532789770401e-01 9.9945661245466622e-01 -7.9582475288570605e-03 -3.1986655294240142e-02 6.6984613506670268e-03 9.9920497542309339e-01 -3.9300734156869292e-02 4.2102773892138803e-02 6.2782108176932967e+00 -2.4693466294688454e-01 2.0095091452076635e-02 6.2831999999999999e+00 3.9880376688316855e-04 -4.4215431970716902e-02 
4.4320194039852694e-03 1.1925033635554994e+00 -6.1554888780200566e-02 -1.1893999989943420e-01 8.1705630008461070e-09 2.7346514033211560e-08 6.7766203137302712e-08 3.2273979286155247e-02 3.9065143394050476e-02 9.9871532722424916e-01 9.9945661280375653e-01 -7.9582478972839293e-03 -3.1986644294879768e-02 6.6984613067936601e-03 9.9920497439815004e-01 -3.9300760223101756e-02 4.2115748634532449e-02 6.2782163741229944e+00 -2.4693500150754696e-01 2.7847264319120248e-02 6.2831999999999999e+00 3.9787133402054739e-04 -4.4217298382346025e-02 
5.6658131503316538e-03 1.1925033635685844e+00 -6.1554888736440008e-02 -1.1893999979088933e-01 1.3239680300307685e-08 4.4241223914271290e-08 1.0984613772565143e-07 3.2273960549958437e-02 3.9065187691661965e-02 9.9871532609699898e-01 9.9945661340834391e-01 -7.9582486435028545e-03 -3.1986625218243539e-02 6.6984613713833678e-03 9.9920497266033637e-01 -3.9300804395236942e-02 4.2132193830702269e-02 6.2782236601470451e+00 -2.4693543001450302e-01 3.5599437186163846e-02 6.2831999999999999e+00 3.9693890115792617e-04 -4.4219164793975148e-02 
6.8996068966780399e-03 1.1925033635886322e+00 -6.1554888669515251e-02 -1.1893999962452440e-01 1.9428255294647566e-08 6.4797226949642009e-08 1.6125503261951903e-07 3.2273931764649259e-02 3.9065254209973248e-02 9.9871532442531430e-01 9.9945661433579436e-01 -7.9582499502735011e-03 -3.1986595913914798e-02 6.6984616802563722e-03 9.9920497004930819e-01 -3.9300870726728145e-02 4.2151804338333786e-02 6.2782326406991427e+00 -2.4693594024678825e-01 4.3351610053207472e-02 6.2831999999999999e+00 3.9600646829530500e-04 -4.4221031205604271e-02 
8.1334006430244243e-03 1.1925033636169684e+00 -6.1554888575122424e-02 -1.1893999938927502e-01 2.6663103855510812e-08 8.8722329093980126e-08 2.2141035687721383e-07 3.2273890861407653e-02 3.9065346695263535e-02 9.9871532212950653e-01 9.9945661565178134e-01 -7.9582520248992501e-03 -3.1986554278251061e-02 6.6984624021684857e-03 9.9920496641694412e-01 -3.9300962954610767e-02 4.2174298140114488e-02 6.2782432796781116e+00 -2.4693652461679699e-01 5.1103782920251063e-02 6.2831999999999999e+00 3.9507403543268378e-04 -4.4222897617233393e-02 
9.4136815873073036e-03 1.1925033636564475e+00 -6.1554888443951856e-02 -1.1893999906133801e-01 3.5185324373207902e-08 1.1674176682165470e-07 2.9235405483951017e-07 3.2273833440086060e-02 3.9065473768934100e-02 9.9871531901452748e-01 9.9945661749658798e-01 -7.9582552392190864e-03 -3.1986495835374038e-02 6.6984638060190145e-03 9.9920496142320847e-01 -3.9301089678064796e-02 4.2200412064837357e-02 6.2782560330984198e+00 -2.4693720197790348e-01 5.9148044149369250e-02 6.2831999999999999e+00 3.9410647012497158e-04 -4.4224834351999663e-02 
1.0693962531590181e-02 1.1925033637074456e+00 -6.1554888275041082e-02 -1.1893999863744270e-01 4.4632554927015479e-08 1.4757415798025395e-07 3.7111620433733855e-07 3.2273758582155608e-02 3.9065635872175021e-02 9.9871531509278599e-01 9.9945661989817536e-01 -7.9582598242847850e-03 -3.1986419654024600e-02 6.6984661449422406e-03 9.9920495504899864e-01 -3.9301251339279974e-02 4.2229095724527634e-02 6.2782704896288974e+00 -2.4693794480429959e-01 6.7192305378487430e-02 6.2831999999999999e+00 3.9313890481725938e-04 -4.4226771086765933e-02 
1.1974243475873059e-02 1.1925033637710771e+00 -6.1554888065081012e-02 -1.1893999810812839e-01 5.4883209229868985e-08 1.8071830691659223e-07 4.5673715361240969e-07 3.2273664134020386e-02 3.9065836105934122e-02 9.9871531031255745e-01 9.9945662292406634e-01 -7.9582660952965539e-03 -3.1986323545805766e-02 6.6984697196423018e-03 9.9920494717054920e-01 -3.9301451033190736e-02 4.2260112995355092e-02 6.2782866055750324e+00 -2.4693874678120159e-01 7.5236566607605609e-02 6.2831999999999999e+00 3.9217133950954718e-04 -4.4228707821532202e-02 
1.3254524420155938e-02 1.1925033638482758e+00 -6.1554887811506608e-02 -1.1893999746535847e-01 6.5804813630800347e-08 2.1561717623366711e-07 5.4817699340450670e-07 3.2273548000270075e-02 3.9066077317065004e-02 9.9871530463016844e-01 9.9945662663973645e-01 -7.9582743864725150e-03 -3.1986205381505227e-02 6.6984748557032854e-03 9.9920493767387164e-01 -3.9301691601772056e-02 4.2293246165937930e-02 6.2783043362906330e+00 -2.4693960211431332e-01 8.3280827836723775e-02 6.2831999999999999e+00 3.9120377420183493e-04 -4.4230644556298472e-02 
1.4629176879627271e-02 1.1925033639471276e+00 -6.1554887488636162e-02 -1.1893999664135593e-01 7.8114502885135231e-08 2.5434261780885077e-07 6.5155354038535527e-07 3.2273396841223281e-02 3.9066384865576793e-02 9.9871529748465471e-01 9.9945663146951313e-01 -7.9582859422345498e-03 -3.1986051592454878e-02 6.6984825104260664e-03 9.9920492555751306e-01 -3.9301998341830582e-02 4.2330951336935659e-02 6.2783251196514787e+00 -2.4694057391798763e-01 9.1918044170074056e-02 6.2831999999999999e+00 3.9016488813867423e-04 -4.4232724050820113e-02 
1.6003829339098607e-02 1.1925033640632132e+00 -6.1554887112076476e-02 -1.1893999567235097e-01 9.0839474356377819e-08 2.9355572716417214e-07 7.5884136578615580e-07 3.2273215885084659e-02 3.9066745438274160e-02 9.9871528922776331e-01 9.9945663724347811e-01 -7.9583007028845298e-03 -3.1985867502398242e-02 6.6984928449045078e-03 9.9920491134240463e-01 -3.9302357980447067e-02 4.2370649574819189e-02 6.2783476543895276e+00 -2.4694159546141969e-01 1.0055526050342437e-01 6.2831999999999999e+00 3.8912600207551348e-04 -4.4234803545341754e-02 
1.7378481798569941e-02 1.1925033641969718e+00 -6.1554886681735033e-02 -1.1893999455398917e-01 1.0377467360866823e-07 3.3235934210964353e-07 8.6844888314681050e-07 3.2273002764117285e-02 3.9067161578445274e-02 9.9871527983644559e-01 9.9945664403472834e-01 -7.9583191551950896e-03 -3.1985650705625181e-02 6.6985063578002754e-03 9.9920489492517339e-01 -3.9302773059248730e-02 4.2412142467331625e-02 6.2783718818155769e+00 -2.4694266158057915e-01 1.0919247683677466e-01 6.2831999999999999e+00 3.8808711601235279e-04 -4.4236883039863388e-02 
1.8753134258041274e-02 1.1925033643485325e+00 -6.1554886198887424e-02 -1.1893999328431637e-01 1.1670374840079407e-07 3.6979053034903760e-07 9.7870527039395217e-07 3.2272755193741134e-02 3.9067635602847692e-02 9.9871526929380949e-01 9.9945665191353716e-01 -7.9583418018762484e-03 -3.1985398880534588e-02 6.6985235677170483e-03 9.9920487621116338e-01 -3.9303245894520319e-02 4.2455247905901612e-02 6.2783977423240769e+00 -2.4694376759501022e-01 1.1782969317012493e-01 6.2831999999999999e+00 3.8704822994919204e-04 -4.4238962534385029e-02 
2.0231560525650193e-02 1.1925033645311929e+00 -6.1554885624051960e-02 -1.1893999175044177e-01 1.3034114305516959e-07 4.0733846325879882e-07 1.0960029246155564e-06 3.2272447968145088e-02 3.9068212386479333e-02 9.9871525665880700e-01 9.9945666167804637e-01 -7.9583714344363485e-03 -3.1985086391728756e-02 6.6985468213778040e-03 9.9920485342347853e-01 -3.9303821257548492e-02 4.2503218961360355e-02 6.2784273084858411e+00 -2.4694499686805246e-01 1.2711894109476529e-01 6.2831999999999999e+00 3.8593091739921100e-04 -4.4241199011905555e-02 
2.1709986793259112e-02 1.1925033647336361e+00 -6.1554884996565508e-02 -1.1893999004547037e-01 1.4340878203915623e-07 4.4074647368106689e-07 1.2097306906597622e-06 3.2272095716181698e-02 3.9068860754192303e-02 9.9871524267803879e-01 9.9945667285877760e-01 -7.9584071917097737e-03 -3.1984728121922316e-02 6.6985756805433422e-03 9.9920482778774611e-01 -3.9304468060407070e-02 4.2552685217038720e-02 6.2784586171375025e+00 -2.4694626301472677e-01 1.3640818901940566e-01 6.2831999999999999e+00 3.8481360484922996e-04 -4.4243435489426081e-02 
2.3188413060868034e-02 1.1925033649547998e+00 -6.1554884323562500e-02 -1.1893998817636041e-01 1.5559489515763842e-07 4.6857292789167772e-07 1.3175088188745415e-06 3.2271695918688323e-02 3.9069582699807766e-02 9.9871522735472162e-01 9.9945668553217781e-01 -7.9584497611833345e-03 -3.1984321509640978e-02 6.6986108683135467e-03 9.9920479922039029e-01 -3.9305188300952247e-02 4.2603484097503426e-02 6.2784915909078345e+00 -2.4694756210543106e-01 1.4569743694404602e-01 6.2831999999999999e+00 3.8369629229924893e-04 -4.4245671966946599e-02 
2.4666839328476953e-02 1.1925033651931292e+00 -6.1554883614482192e-02 -1.1893998615381714e-01 1.6657626809747461e-07 4.8930160840179371e-07 1.4168814189771000e-06 3.2271246173436609e-02 3.9070380019632464e-02 9.9871521069598868e-01 9.9945669977081419e-01 -7.9584998425691524e-03 -3.1983864111270029e-02 6.6986531217724989e-03 9.9920476764543897e-01 -3.9305983780804202e-02 4.2655467096330939e-02 6.2785261516891167e+00 -2.4694889065962311e-01 1.5498668486868639e-01 6.2831999999999999e+00 3.8257897974926789e-04 -4.4247908444467125e-02 
2.6265347660374364e-02 1.1925033654677568e+00 -6.1554882820845570e-02 -1.1893998381110371e-01 1.7670696597306976e-07 5.0188961156606250e-07 1.5119381156308637e-06 3.2270701061716089e-02 3.9071328731855391e-02 9.9871519119522301e-01 9.9945671700634975e-01 -7.9585632679203735e-03 -3.1983309734914936e-02 6.6987076271754148e-03 9.9920473004376653e-01 -3.9306930359515754e-02 4.2712850836941825e-02 6.2785652140999559e+00 -2.4695035681252450e-01 1.6503043241966420e-01 6.2831999999999999e+00 3.8137091583724959e-04 -4.4250326575170688e-02 
2.7863855992271779e-02 1.1925033657568533e+00 -6.1554882016569445e-02 -1.1893998132883248e-01 1.8459837849065383e-07 5.0221390860276197e-07 1.5908903570835807e-06 3.2270092149333775e-02 3.9072369089333321e-02 9.9871517016936262e-01 9.9945673623375020e-01 -7.9586372311669634e-03 -3.1982690480984996e-02 6.6987722496986224e-03 9.9920468877361068e-01 -3.9307968443778346e-02 4.2771317680710554e-02 6.2786059390009763e+00 -2.4695185081348212e-01 1.7507417997064201e-01 6.2831999999999999e+00 3.8016285192523128e-04 -4.4252744705874252e-02 
2.9462364324169189e-02 1.1925033660564899e+00 -6.1554881222942372e-02 -1.1893997873537375e-01 1.8979842709976193e-07 4.8807995859022999e-07 1.6503412988805947e-06 3.2269416859373998e-02 3.9073502563460698e-02 9.9871514764370006e-01 9.9945675752947205e-01 -7.9587226658874247e-03 -3.1982003723993173e-02 6.6988479778234689e-03 9.9920464376970808e-01 -3.9309099516769606e-02 4.2830736920441932e-02 6.2786482252016365e+00 -2.4695337007094895e-01 1.8511792752161979e-01 6.2831999999999999e+00 3.7895478801321304e-04 -4.4255162836577815e-02 
3.1060872656066600e-02 1.1925033663619793e+00 -6.1554880464980970e-02 -1.1893997606477388e-01 1.9184389121614392e-07 4.5721231297634145e-07 1.6868242557407592e-06 3.2268672778944366e-02 3.9074730455375323e-02 9.9871512364483750e-01 9.9945678096461010e-01 -7.9588205134338303e-03 -3.1981247003421968e-02 6.6989358068564849e-03 9.9920459497335823e-01 -3.9310324892843529e-02 4.2890989782369326e-02 6.2786919711950677e+00 -2.4695491241955370e-01 1.9516167507259763e-01 6.2831999999999999e+00 3.7774672410119473e-04 -4.4257580967281378e-02 
3.2799116624641043e-02 1.1925033666944440e+00 -6.1554879714897273e-02 -1.1893997311964181e-01 1.8993347029935473e-07 4.0190255374821799e-07 1.6962946426733726e-06 3.2267782956118124e-02 3.9076174141862353e-02 9.9871509590950402e-01 9.9945680895316125e-01 -7.9589421125331756e-03 -3.1980342049655330e-02 6.6990462202087889e-03 9.9920453754718430e-01 -3.9311765730571123e-02 4.2957332736926590e-02 6.2787410791878946e+00 -2.4695661381586964e-01 2.0608340957594456e-01 6.2831999999999999e+00 3.7643305574750797e-04 -4.4260210481952535e-02 
3.4537360593215480e-02 1.1925033670194107e+00 -6.1554879082800315e-02 -1.1893997018862347e-01 1.8310537450274151e-07 3.2088375028536476e-07 1.6697651310746805e-06 3.2266806454023245e-02 3.9077731931033977e-02 9.9871506650715125e-01 9.9945683962666210e-01 -7.9590807509984825e-03 -3.1979348915879481e-02 6.6991734373059615e-03 9.9920447552076341e-01 -3.9313320573713409e-02 4.3024421589624051e-02 6.2787916615794348e+00 -2.4695833899651512e-01 2.1700514407929147e-01 6.2831999999999999e+00 3.7511938739382122e-04 -4.4262839996623692e-02 
3.6275604561789923e-02 1.1925033673277912e+00 -6.1554878616092580e-02 -1.1893996733830547e-01 1.7072154425216856e-07 2.1092833777955936e-07 1.6025088303999922e-06 3.2265740822818745e-02 3.9079404780983353e-02 9.9871503547864793e-01 9.9945687305515984e-01 -7.9592376719543664e-03 -3.1978265094953474e-02 6.6993187680902929e-03 9.9920440884617978e-01 -3.9314990403128969e-02 4.3092153886009323e-02 6.2788435871688453e+00 -2.4696008694555210e-01 2.2792687858263838e-01 6.2831999999999999e+00 3.7380571904013446e-04 -4.4265469511294855e-02 
3.8013848530364366e-02 1.1925033676093486e+00 -6.1554878368057800e-02 -1.1893996464374910e-01 1.5213418329414559e-07 6.8728415889278320e-08 1.4897428043644333e-06 3.2264583841919568e-02 3.9081193505013954e-02 9.9871500286304349e-01 9.9945690930128139e-01 -7.9594141205081553e-03 -3.1977088310033118e-02 6.6994835201811551e-03 9.9920433748111803e-01 -3.9316776056550151e-02 4.3160437061453907e-02 6.2788967252873764e+00 -2.4696185706595114e-01 2.3884861308598532e-01 6.2831999999999999e+00 3.7249205068644770e-04 -4.4268099025966012e-02 
3.9916538212077843e-02 1.1925033678733099e+00 -6.1554878417322066e-02 -1.1893996197175323e-01 1.2389896417908099e-07 -1.2789439983090762e-07 1.3084118542656741e-06 3.2263210332085922e-02 3.9083285052382087e-02 9.9871496538731219e-01 9.9945695227168763e-01 -7.9596311242749618e-03 -3.1975691206830067e-02 6.6996876685930856e-03 9.9920425394504708e-01 -3.9318864216347428e-02 4.3235715674562074e-02 6.2789561267054879e+00 -2.4696381990318211e-01 2.5080359289412746e-01 6.2831999999999999e+00 3.7105410338621734e-04 -4.4270977304575444e-02 
4.1819227893791319e-02 1.1925033680750374e+00 -6.1554878884875444e-02 -1.1893995970724039e-01 8.6565693995328002e-08 -3.7176184582011467e-07 1.0603134322665668e-06 3.2261722678514224e-02 3.9085516800500514e-02 9.9871492610566870e-01 9.9945699874662852e-01 -7.9598746665423964e-03 -3.1974177888952314e-02 6.6999183723458113e-03 9.9920416470895934e-01 -3.9321092584936740e-02 4.3311468795572253e-02 6.2790166549971502e+00 -2.4696580964678605e-01 2.6275857270226954e-01 6.2831999999999999e+00 3.6961615608598698e-04 -4.4273855583184883e-02 
4.3721917575504796e-02 1.1925033681963948e+00 -6.1554879864900186e-02 -1.1893995798330914e-01 3.9248366806354255e-08 -6.6750787831616040e-07 7.3896256713975915e-07 3.2260118894556884e-02 3.9087889179248665e-02 9.9871488506400941e-01 9.9945704877824126e-01 -7.9601463902739221e-03 -3.1972546300427479e-02 6.7001773406865014e-03 9.9920406974198939e-01 -3.9323461631031113e-02 4.3387618815557479e-02 6.2790781417575037e+00 -2.4696782730924929e-01 2.7471355251041163e-01 6.2831999999999999e+00 3.6817820878575663e-04 -4.4276733861794315e-02 
4.5624607257218272e-02 1.1925033682175181e+00 -6.1554881460709129e-02 -1.1893995694564619e-01 -1.8944978524260258e-08 -1.0198306664384865e-06 3.3784781764902279e-07 3.2258397312383558e-02 3.9090402497020345e-02 9.9871484230257368e-01 9.9945710240841512e-01 -7.9604479322245049e-03 -3.1970794705355021e-02 6.7004662681087283e-03 9.9920396901800645e-01 -3.9325971703832681e-02 4.3464096078059851e-02 6.2791404207164963e+00 -2.4696987433721654e-01 2.8666853231855377e-01 6.2831999999999999e+00 3.6674026148552627e-04 -4.4279612140403754e-02 
4.7723224008052567e-02 1.1925033680986410e+00 -6.1554884070049616e-02 -1.1893995678711011e-01 -9.6821435379843396e-08 -1.4797592813837227e-06 -2.0492253013379884e-07 3.2256360219877198e-02 3.9093338274405601e-02 9.9871479318568612e-01 9.9945716577238886e-01 -7.9608170645193970e-03 -3.1968721868237189e-02 6.7008217099852052e-03 9.9920385122067379e-01 -3.9328904055196005e-02 4.3548755898674636e-02 6.2792098347549086e+00 -2.4697216852220519e-01 2.9985456108739583e-01 6.2831999999999999e+00 3.6515424337648668e-04 -4.4282786806121126e-02 
4.9821840758886869e-02 1.1925033678002415e+00 -6.1554887728534582e-02 -1.1893995788552061e-01 -1.9023652333684438e-07 -2.0207886907854147e-06 -8.6151261312065925e-07 3.2254176801636142e-02 3.9096445696676120e-02 9.9871474206238431e-01 9.9945723358113314e-01 -7.9612266443201424e-03 -3.1966499850091284e-02 6.7012178890805355e-03 9.9920372637625954e-01 -3.9332008270598559e-02 4.3633676118718628e-02 6.2792797954590869e+00 -2.4697450408289656e-01 3.1304058985623789e-01 6.2831999999999999e+00 3.6356822526744704e-04 -4.4285961471838491e-02 
5.1920457509721171e-02 1.1925033672884522e+00 -6.1554892613063579e-02 -1.1893996048888238e-01 -3.0040664389161618e-07 -2.6494431745276593e-06 -1.6407416296418987e-06 3.2251846127806377e-02 3.9099724611655735e-02 9.9871468896609217e-01 9.9945730584878212e-01 -7.9616788436877774e-03 -3.1964127635250847e-02 6.7016570220326645e-03 9.9920359447175755e-01 -3.9335284260780340e-02 4.3718800871978311e-02 6.2793500897144421e+00 -2.4697688488269812e-01 3.2622661862507996e-01 6.2831999999999999e+00 3.6198220715840746e-04 -4.4289136137555862e-02 
5.4019074260555466e-02 1.1925033665268192e+00 -6.1554898914540322e-02 -1.1893996486388796e-01 -4.2854546639593684e-07 -3.3722623399394194e-06 -2.5513934244031594e-06 3.2249367707668099e-02 3.9103174766424303e-02 9.9871463391983939e-01 9.9945738257543815e-01 -7.9621758158818327e-03 -3.1961604648851998e-02 6.7021412927658107e-03 9.9920345549815892e-01 -3.9338731838079503e-02 4.3804080426946723e-02 6.2794205094696549e+00 -2.4697931526731301e-01 3.3941264739392202e-01 6.2831999999999999e+00 3.6039618904936782e-04 -4.4292310803273234e-02 
5.6354456275069700e-02 1.1925033653378816e+00 -6.1554907842843488e-02 -1.1893997216363143e-01 -5.9374142752874217e-07 -4.2953194769047821e-06 -3.7299542613096378e-06 3.2246435923757845e-02 3.9107215015619652e-02 9.9871457038732447e-01 9.9945747318323996e-01 -7.9627840956722450e-03 -3.1958619613803196e-02 6.7027358883557523e-03 9.9920329253018692e-01 -3.9342769709860385e-02 4.3899112028726081e-02 6.2794987740769086e+00 -2.4698208408721156e-01 3.5408631966751786e-01 6.2831999999999999e+00 3.5863123688977390e-04 -4.4295843633750970e-02 
5.8689838289583934e-02 1.1925033637337861e+00 -6.1554919081306059e-02 -1.1893998243021180e-01 -7.8435581890137952e-07 -5.3521617687579018e-06 -5.0941244123839584e-06 3.2243321650662342e-02 3.9111466120572883e-02 9.9871450446402921e-01 9.9945756925691087e-01 -7.9634533878531737e-03 -3.1955448130279389e-02 6.7033919771563753e-03 9.9920312080579343e-01 -3.9347019047976384e-02 4.3994239755854772e-02 6.2795766699079971e+00 -2.4698492788636847e-01 3.6875999194111370e-01 6.2831999999999999e+00 3.5686628473017998e-04 -4.4299376464228712e-02 
6.1025220304098168e-02 1.1925033616532592e+00 -6.1554932952723102e-02 -1.1893999611090152e-01 -1.0020407770315409e-06 -6.5517950097330677e-06 -6.6558072898301054e-06 3.2240026044925693e-02 3.9115927228427522e-02 9.9871443614162247e-01 9.9945767073803615e-01 -7.9641865797885156e-03 -3.1952091246412413e-02 6.7041124333712208e-03 9.9920294033253343e-01 -3.9351479099241603e-02 4.4089426805678629e-02 6.2796539333740071e+00 -2.4698785485458916e-01 3.8343366421470948e-01 6.2831999999999999e+00 3.5510133257058606e-04 -4.4302909294706448e-02 
6.3360602318612402e-02 1.1925033590311658e+00 -6.1554949801093758e-02 -1.1894001368072314e-01 -1.2484270556449669e-06 -7.9031245145832808e-06 -8.4267438188526383e-06 3.2236550856101422e-02 3.9120597403361372e-02 9.9871436539568326e-01 9.9945777754937615e-01 -7.9649865191345204e-03 -3.1948550605774229e-02 6.7049000709747866e-03 9.9920275112138868e-01 -3.9356149030159125e-02 4.4184640824548323e-02 6.2797303112047267e+00 -2.4699087376061066e-01 3.9810733648830532e-01 6.2831999999999999e+00 3.5333638041099209e-04 -4.4306442125184191e-02 
6.5986785439825946e-02 1.1925033553497595e+00 -6.1554972758019265e-02 -1.1894003870994736e-01 -1.5617788640877215e-06 -9.6148710260316390e-06 -1.0682554213061378e-05 3.2232431335112229e-02 3.9126097547024015e-02 9.9871428289625097e-01 9.9945790390840517e-01 -7.9659692923193543e-03 -3.1944352368683523e-02 6.7058694624950611e-03 9.9920252793113629e-01 -3.9361650000696892e-02 4.4291710537569036e-02 6.2798148396939490e+00 -2.4699439009825264e-01 4.1460817027551428e-01 6.2831999999999999e+00 3.5135165690859796e-04 -4.4310414862711964e-02 
6.8612968561039489e-02 1.1925033507926031e+00 -6.1555000490511561e-02 -1.1894007004801302e-01 -1.9157196203973099e-06 -1.1541961742009460e-05 -1.3233863117577183e-05 3.2228091861486473e-02 3.9131859063220913e-02 9.9871419720620069e-01 9.9945803672278466e-01 -7.9670439646537528e-03 -3.1939928627090899e-02 6.7069311317389984e-03 9.9920229374072189e-01 -3.9367413657397363e-02 4.4398756364351533e-02 6.2798976100279278e+00 -2.4699804893667640e-01 4.3110900406272318e-01 6.2831999999999999e+00 3.4936693340620383e-04 -4.4314387600239737e-02 
7.1239151682253046e-02 1.1925033452502070e+00 -6.1555033579891123e-02 -1.1894010849180936e-01 -2.3124594272517947e-06 -1.3696507753355439e-05 -1.6096560136752363e-05 3.2223537440041486e-02 3.9137880167630250e-02 9.9871410822658790e-01 9.9945817580289820e-01 -7.9682144072551527e-03 -3.1935284246413689e-02 6.7080888179476073e-03 9.9920204858433992e-01 -3.9373438372414304e-02 4.4505758497899665e-02 6.2799783093852248e+00 -2.4700186545978556e-01 4.4760983784993214e-01 6.2831999999999999e+00 3.4738220990380964e-04 -4.4318360337767509e-02 
7.3865334803466590e-02 1.1925033386073645e+00 -6.1555072638932042e-02 -1.1894015487926909e-01 -2.7541481736202744e-06 -1.6090269063679028e-05 -1.9286112531764805e-05 3.2218773842793515e-02 3.9144159007568576e-02 9.9871401583619190e-01 9.9945832093501019e-01 -7.9694844143368831e-03 -3.1930424863097023e-02 6.7093461555678214e-03 9.9920179249927155e-01 -3.9379722452105755e-02 4.4612700032683576e-02 6.2800566445785364e+00 -2.4700585559806759e-01 4.6411067163714115e-01 6.2831999999999999e+00 3.4539748640141551e-04 -4.4322333075295282e-02 
7.6855396260118808e-02 1.1925033295503222e+00 -6.1555125198096125e-02 -1.1894021848492489e-01 -3.3144174648092517e-06 -1.9121446503557884e-05 -2.3334670670602652e-05 3.2213103874010843e-02 3.9151619127613176e-02 9.9871390631076140e-01 9.9945849324158076e-01 -7.9710563373944655e-03 -3.1924638574990893e-02 6.7109035218596361e-03 9.9920148767931249e-01 -3.9387190727036517e-02 4.4734369875706143e-02 6.2801426074933806e+00 -2.4701063128171249e-01 4.8289782578157836e-01 6.2831999999999999e+00 3.4313776384106405e-04 -4.4326856266866818e-02 
7.9845457716771026e-02 1.1925033187230580e+00 -6.1555187327256761e-02 -1.1894029488612340e-01 -3.9386602315533585e-06 -2.2493849308527349e-05 -2.7848024867703730e-05 3.2207182000165716e-02 3.9159407769568742e-02 9.9871379193978838e-01 9.9945867269877398e-01 -7.9727675220798433e-03 -3.1918592469712924e-02 6.7125997062743858e-03 9.9920116881495580e-01 -3.9394990087673991e-02 4.4855937937311248e-02 6.2802247756331058e+00 -2.4701567969931038e-01 5.0168497992601557e-01 6.2831999999999999e+00 3.4087804128071254e-04 -4.4331379458438361e-02 
8.2835519173423244e-02 1.1925033059299566e+00 -6.1555260070132865e-02 -1.1894038550392294e-01 -4.6297501779957297e-06 -2.6223067815727073e-05 -3.2846914181612325e-05 3.2201020037218892e-02 3.9167521784194477e-02 9.9871367245364151e-01 9.9945885888790198e-01 -7.9746232048721142e-03 -3.1912298181548032e-02 6.7144395931674076e-03 9.9920083597944509e-01 -3.9403117629506657e-02 4.4977400239133151e-02 6.2803028078032517e+00 -2.4702102795255207e-01 5.2047213407045279e-01 6.2831999999999999e+00 3.3861831872036109e-04 -4.4335902650009897e-02 
8.5825580630075463e-02 1.1925032909671442e+00 -6.1555344515158372e-02 -1.1894049181901725e-01 -5.3904209590437217e-06 -3.0323821626023044e-05 -3.8351123129281760e-05 3.2194630696901455e-02 3.9175957965873309e-02 9.9871354755592667e-01 9.9945905136265811e-01 -7.9766284747798764e-03 -3.1905768246999588e-02 6.7164278858717029e-03 9.9920048924909399e-01 -3.9411570392745406e-02 4.5098754280484578e-02 6.2803763986915175e+00 -2.4702670415646036e-01 5.3925928821489000e-01 6.2831999999999999e+00 3.3635859616000958e-04 -4.4340425841581432e-02 
8.9369185472556595e-02 1.1925032701332638e+00 -6.1555461302752315e-02 -1.1894064025923272e-01 -6.3855657687760141e-06 -3.5683806719320831e-05 -4.5554445162499546e-05 3.2186782770933189e-02 3.9186368549291944e-02 9.9871339208743992e-01 9.9945928695829123e-01 -7.9792054511505454e-03 -3.1897742760413995e-02 6.7189826385646361e-03 9.9920006044850096e-01 -3.9422004921309102e-02 4.5242435320123196e-02 6.2804574929621806e+00 -2.4703389595749667e-01 5.6152446616116747e-01 6.2831999999999999e+00 3.3368053621923133e-04 -4.4345786401485884e-02 
9.2912790315037741e-02 1.1925032455870828e+00 -6.1555598076656497e-02 -1.1894081557521638e-01 -7.4861636598400991e-06 -4.1606710579207069e-05 -5.3523666182011020e-05 3.2178658734147825e-02 3.9197221335875262e-02 9.9871322798971218e-01 9.9945952988232600e-01 -7.9820074357398116e-03 -3.1889429043240533e-02 6.7217594034958824e-03 9.9919961238825605e-01 -3.9432886702343094e-02 4.5385976541574446e-02 6.2805315808271924e+00 -2.4704163989850345e-01 5.8378964410744494e-01 6.2831999999999999e+00 3.3100247627845309e-04 -4.4351146961390329e-02 
9.6456395157518873e-02 1.1925032169480367e+00 -6.1555756867667226e-02 -1.1894102053131715e-01 -8.6959918625498266e-06 -4.8112254915658639e-05 -6.2286433863781103e-05 3.2170283913863368e-02 3.9208510569511565e-02 9.9871305465174209e-01 9.9945977926472807e-01 -7.9850420934805856e-03 -3.1880852166513395e-02 6.7247650515774643e-03 9.9919914521664865e-01 -3.9444210390312595e-02 4.5529391088472933e-02 6.2805983410149633e+00 -2.4704998823214436e-01 6.0605482205372241e-01 6.2831999999999999e+00 3.2832441633767479e-04 -4.4356507521294782e-02 
1.0000000000000001e-01 1.1925031838233082e+00 -6.1555939769499884e-02 -1.1894125798210543e-01 -1.0018490727215927e-05 -5.5218030000829077e-05 -7.1868117977553749e-05 3.2161684457447562e-02 3.9220230448162849e-02 9.9871287143826160e-01 9.9946003421186458e-01 -7.9883167676935915e-03 -3.1872038034103739e-02 6.7280061004741064e-03 9.9919865908577388e-01 -3.9455970588744137e-02 4.5672692055715940e-02 6.2806575222602783e+00 -2.4705899474383430e-01 6.2831999999999988e-01 6.2831999999999999e+00 3.2564635639689655e-04 -4.4361868081199234e-02 
1.0000000000000001e-01 1.1925031838233082e+00 -6.1555939769499884e-02 -1.1894125798210543e-01 -1.0018490727215927e-05 -5.5218030000829077e-05 -7.1868117977553749e-05 3.2161684457447562e-02 3.9220230448162849e-02 9.9871287143826160e-01 9.9946003421186458e-01 -7.9883167676935915e-03 -3.1872038034103739e-02 6.7280061004741064e-03 9.9919865908577388e-01 -3.9455970588744137e-02 4.5672692055715940e-02 6.2806575222602783e+00 -2.4705899474383430e-01 6.2831999999999988e-01 6.2831999999999999e+00 3.2564635639689655e-04 -4.4361868081199234e-02 
1.0079955641440973e-01 1.1925031756876492e+00 -6.1555984592300682e-02 -1.1894131635282541e-01 -1.0332987947705834e-05 -5.6906606501732246e-05 -7.4147310792049221e-05 3.2159715895651003e-02 3.9222934390319215e-02 9.9871282864061051e-01 9.9946009241002776e-01 -7.9890895625547437e-03 -3.1870019261212697e-02 6.7287705607838215e-03 9.9919854676924513e-01 -3.9458684480934918e-02 4.5707223166260150e-02 6.2806695317580745e+00 -2.4706118150036796e-01 6.3334377286301902e-01 6.2831999999999999e+00 3.2369374798838434e-04 -4.4362214151443646e-02 
1.0159911282881945e-01 1.1925031672980098e+00 -6.1556030778324528e-02 -1.1894137656438941e-01 -1.0653801397417685e-05 -5.8627998211976110e-05 -7.6472841589440737e-05 3.2157738023525381e-02 3.9225663369603321e-02 9.9871278514817785e-01 9.9946015082066575e-01 -7.9898750450849813e-03 -3.1867990496824990e-02 6.7295472917709518e-03 9.9919843336044900e-01 -3.9461423735962273e-02 4.5746003040685178e-02 6.2806805965523766e+00 -2.4706351653542299e-01 6.3836754572603815e-01 6.2831999999999999e+00 3.2174113957987214e-04 -4.4362560221688052e-02 
1.0239866924322917e-01 1.1925031586493255e+00 -6.1556078353871141e-02 -1.1894143865395378e-01 -1.0980968343313939e-05 -6.0382351173750472e-05 -7.8845008107929768e-05 3.2155751588759600e-02 3.9228420612833451e-02 9.9871274080988359e-01 9.9946020941970259e-01 -7.9906733381346507e-03 -3.1865952462419855e-02 6.7303362840231183e-03 9.9919831873148302e-01 -3.9464191587792026e-02 4.5788786336524064e-02 6.2806907212193961e+00 -2.4706599393342080e-01 6.4339131858905740e-01 6.2831999999999999e+00 3.1978853117135993e-04 -4.4362906291932465e-02 
1.0319822565763889e-01 1.1925031497365002e+00 -6.1556127345343277e-02 -1.1894150265894965e-01 -1.1314527720823698e-05 -6.2169799006821501e-05 -8.1264131230306312e-05 3.2153757335208331e-02 3.9231209168576808e-02 9.9871269548174102e-01 9.9946026818306244e-01 -7.9914845777689803e-03 -3.1863905876305748e-02 6.7311375472057415e-03 9.9919820276129956e-01 -3.9466991092630584e-02 4.5835340760527678e-02 6.2806999106435359e+00 -2.4706860813172205e-01 6.4841509145207654e-01 6.2831999999999999e+00 3.1783592276284772e-04 -4.4363252362176878e-02 
1.0424926716888329e-01 1.1925031376098632e+00 -6.1556193944685811e-02 -1.1894158977277318e-01 -1.1762794706629996e-05 -6.4570002343838882e-05 -8.4516156436397543e-05 3.2151125176153011e-02 3.9234927251970392e-02 9.9871263416132194e-01 9.9946034563883279e-01 -7.9925709245314124e-03 -3.1861203767764100e-02 6.7322095497733409e-03 9.9919804808333523e-01 -3.9470724100639919e-02 4.5901907654772096e-02 6.2807105764371443e+00 -2.4707224396418404e-01 6.5501899547552733e-01 6.2831999999999999e+00 3.1526915892284235e-04 -4.4363707282162670e-02 
1.0530030868012770e-01 1.1925031250061957e+00 -6.1556263097020572e-02 -1.1894168034791908e-01 -1.2222275234418718e-05 -6.7027844190627620e-05 -8.7850766610519688e-05 3.2148482455453375e-02 3.9238710408808407e-02 9.9871257060341034e-01 9.9946042328224360e-01 -7.9936802781696483e-03 -3.1858489733486539e-02 6.7333029264803014e-03 9.9919789065082720e-01 -3.9474522804411466e-02 4.5974151808452740e-02 6.2807196477383318e+00 -2.4707609636518191e-01 6.6162289949897823e-01 6.2831999999999999e+00 3.1270239508283704e-04 -4.4364162202148456e-02 
1.0635135019137210e-01 1.1925031119136624e+00 -6.1556334863050982e-02 -1.1894177447162059e-01 -1.2693070076764805e-05 -6.9543531351937677e-05 -9.1268864212878039e-05 3.2145830830496262e-02 3.9242564204884825e-02 9.9871250453513771e-01 9.9946050105870810e-01 -7.9948130480924778e-03 -3.1855765377903376e-02 6.7344178444150608e-03 9.9919773024109093e-01 -3.9478392790805408e-02 4.6051645039158012e-02 6.2807271380182463e+00 -2.4708015539396874e-01 6.6822680352242902e-01 6.2831999999999999e+00 3.1013563124283167e-04 -4.4364617122134249e-02 
1.0740239170261651e-01 1.1925030983203133e+00 -6.1556409303645990e-02 -1.1894187223217019e-01 -1.3175282432097741e-05 -7.2117235655892330e-05 -9.4771394083489140e-05 3.2143171943580434e-02 3.9246493812938599e-02 9.9871243569948609e-01 9.9946057891386186e-01 -7.9959696718099708e-03 -3.1853032291846856e-02 6.7355545119495864e-03 9.9919756664655357e-01 -3.9482339254632862e-02 4.6133987881395437e-02 6.2807330615906176e+00 -2.4708441190110719e-01 6.7483070754587993e-01 6.2831999999999999e+00 3.0756886740282630e-04 -4.4365072042120042e-02 
1.0849750515820950e-01 1.1925030836112063e+00 -6.1556489776631730e-02 -1.1894197805712875e-01 -1.3689974653419603e-05 -7.4860724337978051e-05 -9.8511675763602756e-05 3.2140395594893206e-02 3.9250673981892713e-02 9.9871236077410008e-01 9.9946066005891621e-01 -7.9972006733382943e-03 -3.1850177016707386e-02 6.7367622497072031e-03 9.9919739259735585e-01 -3.9486537718989884e-02 4.6224543729551412e-02 6.2807375832717893e+00 -2.4708904798017339e-01 6.8171152441006178e-01 6.2831999999999999e+00 3.0489447482323032e-04 -4.4365546037668582e-02 
1.0959261861380247e-01 1.1925030683315472e+00 -6.1556573288681346e-02 -1.1894208802942351e-01 -1.4217300396010090e-05 -7.7667460445720858e-05 -1.0234587122971918e-04 3.2137614952489374e-02 3.9254946517181505e-02 9.9871228233115483e-01 9.9946074116956374e-01 -7.9984586418785052e-03 -3.1847315744819242e-02 6.7379942090850242e-03 9.9919721468451095e-01 -3.9490829324677103e-02 4.6319581486854680e-02 6.2807404386629484e+00 -2.4709388097894192e-01 6.8859234127424362e-01 6.2831999999999999e+00 3.0222008224363434e-04 -4.4366020033217116e-02 
1.1068773206939546e-01 1.1925030524674352e+00 -6.1556659909115588e-02 -1.1894220225253017e-01 -1.4757384553703056e-05 -8.0537518991790250e-05 -1.0627519267017945e-04 3.2134831819437971e-02 3.9259315926928759e-02 9.9871220013419781e-01 9.9946082218516796e-01 -7.9997441679566048e-03 -3.1844450226139999e-02 6.7392507665456807e-03 9.9919703272487370e-01 -3.9495218608188533e-02 4.6418747411619721e-02 6.2807416467915420e+00 -2.4709890325296391e-01 6.9547315813842547e-01 6.2831999999999999e+00 2.9954568966403835e-04 -4.4366494028765656e-02 
1.1178284552498845e-01 1.1925030360048268e+00 -6.1556749707277550e-02 -1.1894232083133846e-01 -1.5310352623075119e-05 -8.3470936540801845e-05 -1.1030087815643850e-04 3.2132047976809942e-02 3.9263786382178097e-02 9.9871211396065163e-01 9.9946090304558421e-01 -8.0010578648122156e-03 -3.1841582189943318e-02 6.7405323329137430e-03 9.9919684654825314e-01 -3.9499709769695288e-02 4.6521712320014258e-02 6.2807412275699468e+00 -2.4710410785177772e-01 7.0235397500260732e-01 6.2831999999999999e+00 2.9687129708444237e-04 -4.4366968024314189e-02 
1.1294623157675399e-01 1.1925030178444029e+00 -6.1556848662347279e-02 -1.1894245169303948e-01 -1.5912049387651632e-05 -8.6656636513743980e-05 -1.1468451559582694e-04 3.2129091770505734e-02 3.9268650499613013e-02 9.9871201782593266e-01 9.9946098871037170e-01 -8.0024850337269485e-03 -3.1838534504287058e-02 6.7419216917879886e-03 9.9919664397015484e-01 -3.9504596829703184e-02 4.6634918631187794e-02 6.2807390227807307e+00 -2.4710982968721887e-01 7.0966376224306060e-01 6.2831999999999999e+00 2.9403017499964203e-04 -4.4367471570140378e-02 
1.1410961762851954e-01 1.1925029989753584e+00 -6.1556951365198814e-02 -1.1894258771944373e-01 -1.6528582298910196e-05 -8.9913789592954203e-05 -1.1917989561061404e-04 3.2126138830786133e-02 3.9273637082420321e-02 9.9871191673782900e-01 9.9946107406171247e-01 -8.0039455098832261e-03 -3.1835487929234241e-02 6.7433403623678211e-03 9.9919643628597365e-01 -3.9509607365347442e-02 4.6751739501555208e-02 6.2807350308997840e+00 -2.4711574373338155e-01 7.1697354948351388e-01 6.2831999999999999e+00 2.9118905291484169e-04 -4.4367975115966567e-02 
1.1527300368028508e-01 1.1925029793803459e+00 -6.1557057898924995e-02 -1.1894272904143922e-01 -1.7160103956676883e-05 -9.3242299683247401e-05 -1.2378859619332748e-04 3.2123191208843396e-02 3.9278749896311686e-02 9.9871181048045399e-01 9.9946115902941324e-01 -8.0054401112516719e-03 -3.1832444458706519e-02 6.7447889627215186e-03 9.9919622333914127e-01 -3.9514745179996015e-02 4.6871870235192216e-02 6.2807292789706839e+00 -2.4712184420073902e-01 7.2428333672396716e-01 6.2831999999999999e+00 2.8834793083004135e-04 -4.4368478661792755e-02 
1.1643638973205063e-01 1.1925029590418383e+00 -6.1557168346431254e-02 -1.1894287579181635e-01 -1.7806765620307409e-05 -9.6642025582320551e-05 -1.2851220515853239e-04 3.2120250922878485e-02 3.9283992400628451e-02 9.9871169885093514e-01 9.9946124354415833e-01 -8.0069696744582176e-03 -3.1829406054880514e-02 6.7462681406515665e-03 9.9919600498485472e-01 -3.9520013771184095e-02 4.6995028364912317e-02 6.2807217950129672e+00 -2.4712812595029252e-01 7.3159312396442044e-01 6.2831999999999999e+00 2.8550680874524101e-04 -4.4368982207618944e-02 
1.1767482440609384e-01 1.1925029365544588e+00 -6.1557290312243142e-02 -1.1894303812500043e-01 -1.8511947676133306e-05 -1.0033910911354914e-04 -1.3366859084108914e-04 3.2117131251445656e-02 3.9289719122913576e-02 9.9871157390481047e-01 9.9946133293630557e-01 -8.0086372868852212e-03 -3.1826179381124794e-02 6.7478771009792781e-03 9.9919576645422470e-01 -3.9525769500165592e-02 4.7129167141361832e-02 6.2807119575959289e+00 -2.4713500712594469e-01 7.3937445670836877e-01 6.2831999999999999e+00 2.8248240932282490e-04 -4.4369518236575263e-02 
1.1891325908013704e-01 1.1925029131829348e+00 -6.1557416906364605e-02 -1.1894320692678863e-01 -1.9234636701997876e-05 -1.0411640082400119e-04 -1.3895895391303521e-04 3.2114024496791765e-02 3.9295599719472780e-02 9.9871144244637089e-01 9.9946142165607277e-01 -8.0103465479876967e-03 -3.1822962926353941e-02 6.7495223423960716e-03 9.9919552150260571e-01 -3.9531680425719279e-02 4.7266161465463023e-02 6.2807002265180909e+00 -2.4714208419234426e-01 7.4715578945231698e-01 6.2831999999999999e+00 2.7945800990040884e-04 -4.4370054265531582e-02 
1.2015169375418025e-01 1.1925028889054756e+00 -6.1557548227948046e-02 -1.1894338236428885e-01 -1.9975010301355266e-05 -1.0797356581990934e-04 -1.4438524585752750e-04 3.2110932967431137e-02 3.9301637227194583e-02 9.9871130427928256e-01 9.9946150962321290e-01 -8.0120985355809290e-03 -3.1819758936138691e-02 6.7512047561213854e-03 9.9919526999896902e-01 -3.9537749632757420e-02 4.7405753024188556e-02 6.2806866390710363e+00 -2.4714935336194432e-01 7.5493712219626530e-01 6.2831999999999999e+00 2.7643361047799273e-04 -4.4370590294487894e-02 
